0 0.285010 0.106178 0.058243 0.124605
0 0.326066 0.126711 0.037237 0.090558
0 0.364577 0.137943 0.043603 0.087750
0 0.413113 0.156546 0.046467 0.072306
0 0.455283 0.163742 0.043603 0.072657
0 0.492521 0.159530 0.043603 0.084591
0 0.526416 0.174096 0.041375 0.087750
0 0.567314 0.184100 0.041057 0.069147
0 0.599459 0.195507 0.033418 0.072306
0 0.623806 0.199544 0.036283 0.069147
0 0.657384 0.206915 0.038511 0.061425
0 0.704010 0.204809 0.068109 0.069849
0 0.703851 0.228501 0.063335 0.039312
0 0.410726 0.453492 0.036601 0.046332
0 0.447804 0.453668 0.042648 0.046683
0 0.484246 0.446999 0.036601 0.038961
0 0.518619 0.446999 0.037874 0.037557
0 0.549332 0.450684 0.028644 0.046332
0 0.641311 0.450333 0.035646 0.028080
0 0.721356 0.432608 0.030872 0.051597
0 0.742043 0.432959 0.032782 0.050895
0 0.768300 0.435942 0.029281 0.051246
0 0.785805 0.434187 0.025461 0.048438
0 0.822724 0.503686 0.029917 0.037206
0 0.848663 0.503159 0.041057 0.036153
0 0.879854 0.502106 0.028326 0.034047
0 0.876671 0.536153 0.034055 0.036855
0 0.848982 0.538610 0.034691 0.037557
0 0.825111 0.539312 0.034691 0.036855
0 0.754774 0.506845 0.034055 0.039312
0 0.783736 0.505441 0.032145 0.035802
0 0.802196 0.505090 0.016232 0.032994
0 0.792648 0.541945 0.035328 0.038610
0 0.771006 0.542471 0.027689 0.037557
0 0.806334 0.540365 0.008593 0.038961
0 0.706875 0.552124 0.037556 0.044226
0 0.728994 0.546859 0.021324 0.042822
0 0.706875 0.512636 0.037556 0.041769
0 0.729790 0.508951 0.019096 0.034398
0 0.646244 0.560723 0.078612 0.040365
0 0.516709 0.559670 0.054424 0.058617
0 0.553469 0.542296 0.046467 0.056160
0 0.397836 0.557038 0.036919 0.068094
0 0.432845 0.555283 0.038192 0.063882
0 0.462285 0.554581 0.033418 0.063180
0 0.203851 0.531941 0.066518 0.053703
0 0.135105 0.533872 0.074793 0.058968
0 0.201146 0.590383 0.081477 0.071604
0 0.122215 0.595823 0.082750 0.068445
0 0.338001 0.581959 0.058561 0.044226
0 0.277689 0.586346 0.061426 0.040365
0 0.281827 0.516673 0.054424 0.044928
0 0.339274 0.519481 0.056015 0.050544
0 0.786442 0.594419 0.040102 0.039663
0 0.815882 0.591962 0.031509 0.034749
0 0.815563 0.620218 0.031509 0.029484
0 0.786123 0.622148 0.038192 0.026325
0 0.637810 0.607231 0.041375 0.036504
0 0.673297 0.604247 0.036601 0.037557
0 0.672183 0.638470 0.036919 0.038610
0 0.637810 0.641629 0.040102 0.042822
0 0.715627 0.633380 0.037237 0.030537
0 0.746817 0.632678 0.032145 0.029133
0 0.493635 0.622324 0.054742 0.036504
0 0.543762 0.618287 0.049968 0.028431
0 0.593094 0.648122 0.051241 0.050895
0 0.543125 0.647947 0.051241 0.044928
0 0.493316 0.655669 0.054106 0.043524
0 0.306174 0.692173 0.070019 0.058968
0 0.307129 0.645490 0.069383 0.037206
0 0.374443 0.641980 0.066518 0.045630
0 0.373170 0.682169 0.063972 0.053703
0 0.432368 0.671639 0.058880 0.052299
0 0.433959 0.636013 0.055697 0.035802
0 0.143698 0.731485 0.089433 0.067392
0 0.226607 0.728677 0.084659 0.061776
0 0.159134 0.851702 0.094844 0.102141
0 0.244908 0.828712 0.075430 0.095472
0 0.366805 0.830818 0.134628 0.103194
0 0.491088 0.777641 0.118396 0.062829
0 0.495863 0.809582 0.094844 0.055107
0 0.595003 0.726395 0.092616 0.064233
0 0.682686 0.695858 0.082113 0.050193
0 0.689211 0.736750 0.067155 0.053352
0 0.794398 0.665497 0.029281 0.030186
0 0.818428 0.663040 0.030236 0.032994
0 0.834819 0.703054 0.028008 0.040014
0 0.821929 0.709372 0.018778 0.036504
0 0.876194 0.694630 0.038192 0.044226
0 0.898313 0.689365 0.037237 0.044226
0 0.918364 0.683398 0.030872 0.042822
0 0.908657 0.648649 0.029917 0.037908
0 0.887015 0.652159 0.028644 0.040014
0 0.868714 0.656371 0.023234 0.039312
0 0.171706 0.296420 0.076066 0.076869
0 0.247772 0.302562 0.069701 0.073008
0 0.311108 0.305019 0.051878 0.049140
0 0.366645 0.310109 0.047740 0.047385
0 0.420433 0.314847 0.040102 0.044928
0 0.483291 0.265181 0.052514 0.068445
0 0.526575 0.274482 0.038511 0.061074
0 0.568109 0.279572 0.047104 0.054405
0 0.603278 0.333626 0.031509 0.039663
0 0.567791 0.328712 0.038829 0.042471
0 0.531031 0.329589 0.044876 0.057564
0 0.484246 0.325728 0.053151 0.060372
0 0.696690 0.340295 0.039465 0.038259
0 0.657543 0.337136 0.043921 0.041067
0 0.702260 0.303440 0.035964 0.045981
0 0.665181 0.430677 0.031827 0.040014
0 0.847390 0.616883 0.025143 0.037557
0 0.872056 0.613900 0.022279 0.041418
0 0.933641 0.589681 0.028326 0.064584
0 0.961330 0.590558 0.020051 0.061425
0 0.986314 0.586873 0.027371 0.063882
0 0.797422 0.354861 0.033418 0.046332
0 0.832272 0.356792 0.027371 0.045981
0 0.085296 0.289400 0.090388 0.090909
0 0.784850 0.310109 0.039465 0.050895
0 0.826225 0.310284 0.031827 0.044226
0 0.861394 0.255177 0.034055 0.049140
0 0.891948 0.262373 0.037237 0.051597
0 0.799968 0.190242 0.042966 0.068094
0 0.835296 0.203580 0.028962 0.063180
0 0.793603 0.238680 0.042330 0.049842
0 0.826225 0.255353 0.030554 0.052299
