0 0.066138 0.266989 0.132275 0.101438
0 0.034061 0.399802 0.068122 0.102183
0 0.015542 0.536458 0.031085 0.100198
0 0.092758 0.536582 0.081680 0.102927
0 0.185516 0.538442 0.103836 0.096230
0 0.283069 0.536582 0.100529 0.100942
0 0.381779 0.536458 0.095569 0.098214
0 0.465774 0.522941 0.067791 0.074653
0 0.521329 0.519841 0.065807 0.069444
0 0.632771 0.519965 0.064484 0.062748
0 0.692295 0.519965 0.064484 0.064732
0 0.751819 0.519841 0.061839 0.061508
0 0.811343 0.517981 0.061839 0.060268
0 0.757771 0.599950 0.067791 0.061508
0 0.700066 0.601935 0.054894 0.062996
0 0.647321 0.602927 0.061839 0.062996
0 0.588790 0.603919 0.062500 0.062996
0 0.526290 0.602927 0.062500 0.062996
0 0.461640 0.604911 0.060847 0.062996
0 0.647321 0.406622 0.096892 0.079117
0 0.566303 0.407614 0.081680 0.079117
0 0.478340 0.406622 0.085648 0.083581
0 0.384590 0.403646 0.089286 0.092014
0 0.299603 0.403770 0.085317 0.090278
0 0.210813 0.403770 0.086971 0.090278
0 0.134755 0.403646 0.081680 0.092014
0 0.201058 0.689856 0.077381 0.089534
0 0.121858 0.691716 0.095569 0.090278
0 0.039021 0.694816 0.078042 0.085069
0 0.314319 0.684896 0.073743 0.094494
0 0.388558 0.682912 0.074735 0.092014
0 0.467593 0.691840 0.068783 0.073661
0 0.530093 0.692832 0.068783 0.071677
0 0.604332 0.692708 0.068452 0.069444
0 0.663856 0.691716 0.065807 0.069444
0 0.729332 0.694692 0.065807 0.064980
0 0.794808 0.691716 0.068452 0.069444
0 0.719742 0.830481 0.081680 0.104911
0 0.797619 0.829489 0.085979 0.086062
0 0.647321 0.275670 0.081680 0.078125
0 0.568287 0.276662 0.065807 0.076141
0 0.484292 0.275794 0.081680 0.080853
0 0.384590 0.270957 0.092593 0.089534
0 0.243056 0.836310 0.101852 0.100694
0 0.324074 0.831473 0.101852 0.102927
0 0.424603 0.836310 0.095238 0.102679
0 0.505787 0.833333 0.095569 0.107639
0 0.584821 0.829489 0.076389 0.111359
0 0.642526 0.829489 0.085317 0.117312
0 0.133267 0.829861 0.107804 0.128968
0 0.045470 0.831349 0.090278 0.132440
