0 0.012649 0.279101 0.025298 0.087302
0 0.058532 0.277116 0.056548 0.094577
0 0.122892 0.282903 0.060764 0.077712
0 0.168775 0.283069 0.061756 0.080026
0 0.227307 0.279101 0.061756 0.078704
0 0.284970 0.279101 0.068452 0.081349
0 0.353423 0.279266 0.060516 0.080357
0 0.406126 0.279101 0.056796 0.082011
0 0.758681 0.274306 0.083829 0.073743
0 0.829985 0.272321 0.077133 0.076389
0 0.780134 0.386574 0.091518 0.070767
0 0.428571 0.393353 0.043155 0.070437
0 0.386657 0.395337 0.042163 0.069114
0 0.344618 0.393353 0.042907 0.061839
0 0.298735 0.386574 0.050843 0.060185
0 0.238219 0.384590 0.069692 0.058201
0 0.189360 0.384590 0.051835 0.060185
0 0.145461 0.395337 0.049355 0.066468
0 0.019469 0.471561 0.038938 0.042328
0 0.066344 0.471561 0.061756 0.042989
0 0.145461 0.491071 0.061756 0.066799
0 0.206969 0.491071 0.069692 0.070767
0 0.222470 0.544808 0.056052 0.051257
0 0.164931 0.544808 0.060516 0.050595
0 0.274306 0.645337 0.050595 0.095569
0 0.301711 0.643519 0.038938 0.097222
0 0.348586 0.653274 0.070685 0.088955
0 0.399306 0.645337 0.042659 0.100198
0 0.434400 0.646164 0.038938 0.097222
0 0.468626 0.643519 0.036458 0.094577
0 0.504712 0.645337 0.034722 0.094907
0 0.334449 0.482474 0.067212 0.066799
0 0.394097 0.490741 0.045139 0.066799
0 0.423735 0.539517 0.037450 0.067130
0 0.460193 0.543320 0.041915 0.062831
0 0.385541 0.543816 0.043899 0.057870
0 0.332961 0.542163 0.066220 0.059854
0 0.509425 0.488757 0.043155 0.063492
0 0.552827 0.486938 0.042163 0.064484
0 0.591270 0.485119 0.037698 0.064815
0 0.635665 0.481481 0.046627 0.066138
0 0.634177 0.544643 0.046627 0.065476
0 0.591270 0.543816 0.039683 0.060516
0 0.548735 0.545800 0.040923 0.056548
0 0.507068 0.546792 0.041419 0.055886
0 0.780010 0.480324 0.073413 0.071759
0 0.707341 0.497189 0.085813 0.061839
0 0.703869 0.548942 0.078869 0.048280
0 0.777530 0.540344 0.073909 0.061508
0 0.409598 0.145337 0.043403 0.096892
0 0.454861 0.145503 0.038690 0.105159
0 0.493676 0.138393 0.041419 0.102844
0 0.537946 0.140212 0.044147 0.095238
0 0.579489 0.140046 0.038442 0.094246
0 0.335938 0.150628 0.062748 0.089616
0 0.273686 0.153274 0.065724 0.084987
0 0.215402 0.154101 0.073165 0.085979
0 0.144593 0.146660 0.062996 0.071759
0 0.089286 0.150298 0.069444 0.069775
0 0.690972 0.054894 0.048115 0.105820
0 0.739583 0.037533 0.059028 0.070437
0 0.722966 0.122685 0.052083 0.121032
0 0.762525 0.124339 0.046379 0.113757
0 0.822421 0.090939 0.111111 0.179233
0 0.728919 0.619213 0.062004 0.059854
0 0.785962 0.617394 0.065476 0.060185
0 0.724206 0.671958 0.053075 0.048280
0 0.780382 0.671958 0.068204 0.053571
0 0.659226 0.668651 0.056052 0.054894
0 0.661334 0.618717 0.054315 0.054894
0 0.611607 0.616898 0.048611 0.051257
0 0.609003 0.668651 0.043403 0.055556
0 0.555432 0.620040 0.045387 0.057540
0 0.551463 0.661872 0.051835 0.067130
0 0.535962 0.735615 0.062500 0.040675
0 0.535962 0.780919 0.062500 0.055225
0 0.593130 0.734954 0.054812 0.040013
0 0.593006 0.775132 0.052579 0.056217
0 0.641989 0.778274 0.051339 0.049272
0 0.646701 0.735615 0.052331 0.041997
0 0.719246 0.730820 0.096726 0.033730
0 0.720858 0.774802 0.104911 0.056217
0 0.223710 0.753142 0.068948 0.080357
0 0.287202 0.755126 0.068452 0.082341
0 0.350942 0.767692 0.063988 0.060516
0 0.411210 0.770007 0.059524 0.060516
0 0.474454 0.777282 0.061012 0.067130
0 0.242312 0.868552 0.060516 0.110119
0 0.277654 0.894180 0.057788 0.118386
0 0.328001 0.885251 0.065228 0.067460
0 0.338418 0.932044 0.043899 0.030754
0 0.385045 0.885747 0.062748 0.066468
0 0.385045 0.931713 0.047371 0.032077
0 0.744668 0.908399 0.077133 0.101190
0 0.683408 0.929563 0.052331 0.059524
0 0.682292 0.874669 0.054563 0.060185
0 0.601066 0.886243 0.123760 0.070767
0 0.601438 0.937831 0.085813 0.035053
0 0.200149 0.626488 0.095238 0.049934
0 0.202009 0.679233 0.093998 0.047619
0 0.276662 0.550595 0.053323 0.054894
0 0.270585 0.486442 0.057044 0.061508
