0 0.147500 0.913750 0.083333 0.123750
0 0.210000 0.933125 0.088333 0.097500
0 0.300000 0.951562 0.116667 0.096875
0 0.430833 0.941875 0.103333 0.116250
0 0.513750 0.950625 0.100833 0.098750
0 0.610833 0.953438 0.108333 0.093125
0 0.946250 0.817187 0.107500 0.174375
0 0.850000 0.809063 0.131667 0.175625
0 0.717917 0.803438 0.119167 0.175625
0 0.615417 0.793438 0.112500 0.165625
0 0.480417 0.780937 0.134167 0.159375
0 0.379167 0.774062 0.105000 0.159375
0 0.297917 0.778125 0.089167 0.145000
0 0.234583 0.770938 0.084167 0.133125
0 0.057917 0.794375 0.112500 0.050000
0 0.066667 0.743750 0.133333 0.065000
0 0.066667 0.582500 0.121667 0.065000
0 0.066667 0.632188 0.110000 0.049375
0 0.167083 0.593125 0.127500 0.168750
0 0.283333 0.592500 0.153333 0.168750
0 0.364167 0.591562 0.048333 0.164375
0 0.422917 0.591250 0.107500 0.168750
0 0.518750 0.592187 0.109167 0.175625
0 0.614583 0.595313 0.112500 0.168125
0 0.713750 0.595313 0.115833 0.178125
0 0.826667 0.593750 0.141667 0.190000
0 0.938333 0.645312 0.123333 0.095625
0 0.934583 0.400000 0.130833 0.132500
0 0.784583 0.416563 0.179167 0.103125
0 0.605417 0.424375 0.159167 0.102500
0 0.445417 0.413750 0.159167 0.142500
0 0.313750 0.416563 0.147500 0.136875
0 0.185417 0.425312 0.130833 0.125625
0 0.068333 0.447813 0.113333 0.084375
0 0.029583 0.270000 0.059167 0.123750
0 0.087917 0.264375 0.082500 0.123750
0 0.147500 0.267188 0.065000 0.109375
0 0.201667 0.262500 0.073333 0.117500
0 0.260833 0.254375 0.068333 0.116250
0 0.352917 0.243750 0.067500 0.118750
0 0.411667 0.236875 0.073333 0.123750
0 0.480833 0.229063 0.081667 0.126875
0 0.572500 0.239687 0.085000 0.095625
0 0.659583 0.227187 0.094167 0.095625
0 0.796667 0.191250 0.150000 0.145000
0 0.957500 0.187188 0.085000 0.133125
