0 0.404514 0.255622 0.022817 0.052910
0 0.390377 0.264716 0.021329 0.049934
0 0.372520 0.219411 0.027778 0.052579
0 0.372024 0.269841 0.021329 0.048280
0 0.355283 0.275132 0.023562 0.050265
0 0.350446 0.224868 0.024802 0.058201
0 0.323041 0.281415 0.018105 0.035053
0 0.310640 0.285053 0.016121 0.034392
0 0.340030 0.275463 0.019841 0.035053
0 0.330481 0.285714 0.009673 0.015212
0 0.291171 0.284557 0.033730 0.036045
0 0.290179 0.309524 0.034226 0.027116
0 0.277778 0.260086 0.026786 0.047950
0 0.256572 0.269345 0.029018 0.051918
0 0.264757 0.304398 0.034970 0.039352
0 0.714162 0.122520 0.039435 0.112765
0 0.689112 0.152778 0.010169 0.056878
0 0.665799 0.154597 0.038442 0.083664
0 0.630828 0.169312 0.034474 0.078042
0 0.598586 0.181548 0.034474 0.076720
0 0.568080 0.193122 0.033482 0.073413
0 0.555432 0.140542 0.016617 0.060185
0 0.532862 0.138393 0.032986 0.087632
0 0.509053 0.149802 0.025546 0.074735
0 0.488095 0.163856 0.027282 0.072421
0 0.464534 0.171958 0.030258 0.068783
0 0.447297 0.185847 0.020089 0.059524
0 0.422495 0.188823 0.030506 0.056217
0 0.424975 0.245536 0.026538 0.061839
0 0.447669 0.239914 0.026290 0.052579
0 0.469494 0.232639 0.026786 0.055225
0 0.491443 0.223876 0.026042 0.057540
0 0.513889 0.215278 0.027778 0.061508
0 0.539062 0.206680 0.030010 0.068783
0 0.864707 0.066468 0.061260 0.127646
0 0.826885 0.086806 0.026290 0.099537
0 0.791667 0.092427 0.047619 0.122685
0 0.761905 0.115245 0.015377 0.084987
0 0.360119 0.370370 0.027778 0.038360
0 0.382068 0.370701 0.019593 0.027778
0 0.399678 0.367890 0.021081 0.026124
0 0.418775 0.364749 0.025050 0.025794
0 0.612971 0.318948 0.036458 0.044643
0 0.580729 0.321098 0.032490 0.052910
0 0.554439 0.334160 0.025050 0.053902
0 0.520213 0.333499 0.027530 0.069114
0 0.482763 0.350033 0.023065 0.034722
0 0.465402 0.355820 0.015625 0.035053
0 0.452381 0.356481 0.013889 0.027778
0 0.483383 0.303406 0.024306 0.035384
0 0.509053 0.299603 0.023065 0.029101
0 0.498760 0.346230 0.015873 0.034392
0 0.785466 0.278935 0.048115 0.077050
0 0.738219 0.290179 0.044395 0.075728
0 0.696181 0.291005 0.039683 0.079365
0 0.658978 0.305225 0.033234 0.058862
0 0.705605 0.457837 0.049603 0.058532
0 0.719246 0.396495 0.074405 0.060185
0 0.747892 0.452877 0.038938 0.061839
0 0.794643 0.451554 0.054563 0.065146
0 0.798487 0.389550 0.056300 0.064815
0 0.852307 0.388062 0.052827 0.075066
0 0.846106 0.450562 0.055804 0.065146
0 0.552579 0.466601 0.032738 0.045635
0 0.593626 0.463955 0.034970 0.048280
0 0.646453 0.455688 0.019593 0.058862
0 0.363467 0.472222 0.035466 0.039021
0 0.367312 0.437169 0.034226 0.037698
0 0.400422 0.432209 0.024058 0.039683
0 0.409226 0.470073 0.025794 0.041336
0 0.425843 0.429563 0.022817 0.039683
0 0.446677 0.429563 0.025794 0.041667
0 0.458705 0.429894 0.027530 0.042989
0 0.491691 0.425761 0.028026 0.043320
0 0.519841 0.424438 0.034226 0.043320
0 0.520461 0.466270 0.032986 0.046958
0 0.478795 0.464947 0.029018 0.035714
0 0.449157 0.467262 0.027282 0.032407
0 0.242063 0.461310 0.010913 0.033730
0 0.257688 0.461806 0.009425 0.032077
0 0.271081 0.468585 0.021825 0.046958
0 0.281994 0.469081 0.012401 0.045966
0 0.293279 0.475694 0.022569 0.032738
0 0.312004 0.474537 0.024306 0.035714
0 0.332217 0.474702 0.023562 0.034061
0 0.332341 0.442460 0.034226 0.033069
0 0.314484 0.441964 0.013889 0.030754
0 0.297247 0.443122 0.030010 0.034392
0 0.745660 0.545966 0.076141 0.066799
0 0.828125 0.547288 0.091270 0.068783
0 0.752728 0.597884 0.056548 0.046958
0 0.813988 0.602679 0.067460 0.049934
0 0.564112 0.580192 0.050347 0.053241
0 0.625868 0.564319 0.048363 0.051918
0 0.665055 0.583168 0.043899 0.048611
0 0.250248 0.523644 0.014385 0.026124
0 0.249504 0.548446 0.012897 0.025463
0 0.263145 0.548446 0.017857 0.028770
0 0.276786 0.551091 0.019841 0.027447
0 0.276786 0.521825 0.019841 0.033069
0 0.263641 0.520337 0.015377 0.030754
0 0.292039 0.550595 0.015129 0.029101
0 0.303323 0.525628 0.016865 0.034061
0 0.307292 0.553406 0.015377 0.025463
0 0.334449 0.556382 0.015625 0.025463
0 0.349206 0.558366 0.016865 0.026124
0 0.350446 0.524967 0.012401 0.028770
0 0.342386 0.517526 0.008185 0.027116
0 0.384797 0.521825 0.026538 0.035714
0 0.370908 0.559193 0.023065 0.030423
0 0.393849 0.560020 0.029762 0.029431
0 0.244048 0.593750 0.028274 0.029431
0 0.227059 0.590112 0.027034 0.024140
0 0.226066 0.608300 0.025050 0.020172
0 0.246776 0.613426 0.022817 0.020503
0 0.266617 0.682870 0.023313 0.038360
0 0.277654 0.688492 0.016617 0.038360
0 0.266245 0.652612 0.024554 0.033399
0 0.285094 0.652943 0.019097 0.022817
0 0.304439 0.678737 0.029018 0.054563
0 0.324405 0.680060 0.025298 0.055886
0 0.336062 0.702381 0.031250 0.062831
0 0.363963 0.700066 0.042411 0.047619
0 0.366691 0.726852 0.039435 0.044312
0 0.288194 0.605985 0.024802 0.055225
0 0.304688 0.620866 0.018105 0.032738
0 0.324405 0.621858 0.025794 0.041336
0 0.345238 0.624339 0.020833 0.046296
0 0.358011 0.625165 0.013641 0.047950
0 0.369048 0.627480 0.016369 0.052579
0 0.380332 0.629134 0.015625 0.055886
0 0.433036 0.608300 0.063988 0.028770
0 0.481151 0.616071 0.029762 0.031085
0 0.514013 0.628638 0.040427 0.037037
0 0.479043 0.658399 0.036458 0.045635
0 0.504092 0.665013 0.029514 0.041667
0 0.421255 0.638393 0.047867 0.048611
0 0.470734 0.737269 0.075397 0.053902
0 0.471106 0.766038 0.055308 0.046627
0 0.549975 0.763228 0.091518 0.076720
0 0.550595 0.804894 0.088790 0.069444
0 0.489583 0.564649 0.038690 0.043981
0 0.453001 0.562500 0.041915 0.039683
0 0.427083 0.562169 0.034226 0.039021
0 0.558036 0.680721 0.034226 0.049934
0 0.600570 0.655423 0.058284 0.051587
0 0.593874 0.695933 0.034970 0.033399
0 0.659970 0.696759 0.031746 0.046958
0 0.653770 0.653770 0.044147 0.050926
0 0.821801 0.682209 0.071677 0.066138
0 0.768849 0.721892 0.035218 0.060847
0 0.811384 0.736607 0.044891 0.047950
0 0.759301 0.679398 0.053819 0.036706
0 0.702381 0.670966 0.053075 0.057540
0 0.692832 0.711806 0.034474 0.041336
0 0.623884 0.777282 0.051339 0.051918
0 0.678571 0.787533 0.060020 0.059854
0 0.624008 0.820437 0.048611 0.057540
0 0.678695 0.839947 0.060764 0.058201
0 0.749132 0.835648 0.065228 0.064815
0 0.823289 0.901290 0.084573 0.091601
0 0.826265 0.855489 0.088046 0.086640
