0 0.720746 0.853972 0.135670 0.156542
0 0.800170 0.824766 0.115885 0.142190
0 0.846806 0.670227 0.119842 0.115487
0 0.946015 0.639019 0.102318 0.100467
0 0.550594 0.593959 0.168457 0.132510
0 0.659129 0.574433 0.131148 0.126168
0 0.734031 0.556909 0.112493 0.111148
0 0.817694 0.541222 0.102318 0.099800
0 0.804692 0.403371 0.098926 0.103805
0 0.709723 0.419059 0.112493 0.111816
0 0.720746 0.249833 0.117581 0.131842
0 0.817976 0.253672 0.117581 0.130841
0 0.895138 0.257677 0.102318 0.126168
0 0.957038 0.266355 0.083663 0.108144
0 0.363200 0.084613 0.249293 0.162550
0 0.340023 0.218458 0.173544 0.187250
0 0.495478 0.233144 0.156586 0.159212
0 0.612210 0.244826 0.119842 0.140521
0 0.611645 0.121662 0.082533 0.123832
0 0.492934 0.095628 0.180893 0.144526
0 0.614754 0.421896 0.113624 0.125501
0 0.142453 0.203438 0.253250 0.207944
0 0.877614 0.402203 0.076314 0.099466
0 0.925382 0.400534 0.054268 0.086782
0 0.970040 0.396529 0.059921 0.082109
0 0.908423 0.528371 0.072357 0.082109
0 0.966365 0.517857 0.067270 0.075768
0 0.502544 0.927069 0.166196 0.145861
0 0.375919 0.947764 0.178632 0.104473
0 0.186546 0.879840 0.203505 0.184913
0 0.340305 0.827937 0.182024 0.161883
0 0.457321 0.790053 0.162804 0.145527
0 0.343697 0.627170 0.178632 0.157543
0 0.171283 0.656876 0.239683 0.169559
0 0.172979 0.434246 0.228378 0.194927
0 0.356133 0.420728 0.160543 0.170561
0 0.495195 0.413218 0.135670 0.154206
0 0.757773 0.695761 0.093273 0.107143
0 0.685415 0.721128 0.109101 0.107143
0 0.587055 0.759012 0.109101 0.139519
0 0.623233 0.901035 0.102318 0.156542
0 0.885246 0.788218 0.145845 0.123164
0 0.955907 0.716956 0.088185 0.053405
0 0.842001 0.138351 0.122668 0.125167
