0 0.507688 0.203869 0.030258 0.066468
0 0.538938 0.203869 0.030754 0.071759
0 0.571181 0.204861 0.033730 0.073743
0 0.674727 0.203042 0.045883 0.070767
0 0.723586 0.201058 0.045883 0.074735
0 0.874876 0.192130 0.073661 0.099868
0 0.876860 0.449074 0.057788 0.054233
0 0.874876 0.499835 0.053323 0.051257
0 0.828001 0.499835 0.051835 0.053241
0 0.780258 0.499835 0.039187 0.053241
0 0.742063 0.499835 0.040179 0.050595
0 0.742063 0.455026 0.043651 0.054233
0 0.665799 0.453869 0.038442 0.053241
0 0.667783 0.499835 0.042907 0.049272
0 0.608259 0.499835 0.049355 0.049934
0 0.596602 0.451058 0.036458 0.054233
0 0.199281 0.142361 0.050843 0.068452
0 0.198413 0.204200 0.052579 0.060516
0 0.146205 0.204034 0.049851 0.060185
0 0.133929 0.135086 0.054563 0.078373
0 0.090526 0.140708 0.046627 0.069775
0 0.098586 0.203704 0.049851 0.060185
0 0.049603 0.142030 0.049603 0.068452
0 0.046751 0.203208 0.056796 0.059854
0 0.246776 0.194444 0.039683 0.082672
0 0.271329 0.204365 0.019345 0.062831
0 0.289559 0.215939 0.018601 0.039683
0 0.312376 0.196263 0.035962 0.079696
0 0.348958 0.201720 0.034722 0.070767
0 0.381448 0.207176 0.031746 0.061177
0 0.412574 0.205522 0.033482 0.065807
0 0.066344 0.357639 0.051835 0.058532
0 0.114831 0.358135 0.056052 0.058201
0 0.169271 0.359127 0.047371 0.056878
0 0.212922 0.359458 0.046379 0.056217
0 0.264509 0.358796 0.053323 0.057540
0 0.225446 0.303571 0.050595 0.062169
0 0.181300 0.301753 0.045635 0.059854
0 0.410466 0.451224 0.046627 0.057870
0 0.457217 0.452216 0.048363 0.057870
0 0.506572 0.453373 0.047867 0.055556
0 0.553571 0.453704 0.049107 0.058201
0 0.554067 0.503803 0.047619 0.044643
0 0.507068 0.503307 0.046379 0.045635
0 0.457465 0.502480 0.047371 0.047288
0 0.410590 0.502480 0.047371 0.047288
0 0.363467 0.504134 0.035962 0.044643
0 0.363591 0.454200 0.037698 0.053902
0 0.335813 0.499669 0.020833 0.054894
0 0.298487 0.496032 0.036954 0.058862
0 0.261409 0.496362 0.037202 0.058201
0 0.115203 0.463955 0.110863 0.050926
0 0.118676 0.506283 0.104415 0.039683
0 0.200645 0.464451 0.073413 0.049272
0 0.203869 0.506283 0.066468 0.039021
0 0.356771 0.612599 0.049851 0.051257
0 0.308160 0.613426 0.052827 0.052249
0 0.236855 0.610119 0.036706 0.040344
0 0.263517 0.611111 0.034474 0.037698
0 0.193576 0.612103 0.039435 0.037698
0 0.165923 0.607639 0.033234 0.047288
0 0.131572 0.612269 0.036954 0.036706
0 0.098214 0.620536 0.034226 0.020833
0 0.061880 0.579200 0.041915 0.038029
0 0.398438 0.594081 0.031498 0.088955
0 0.427083 0.598380 0.030258 0.080357
0 0.457217 0.595238 0.031498 0.087302
0 0.500496 0.599702 0.056548 0.077050
0 0.555432 0.598876 0.058284 0.078042
0 0.595858 0.594742 0.031994 0.086971
0 0.623388 0.594742 0.030010 0.086971
0 0.651662 0.597057 0.030010 0.081680
0 0.706473 0.583499 0.071181 0.050595
0 0.705729 0.619048 0.069196 0.037037
0 0.775546 0.581019 0.079861 0.046296
0 0.773686 0.618552 0.073165 0.037368
0 0.746652 0.727513 0.053819 0.056217
0 0.719122 0.681382 0.038442 0.045966
0 0.761781 0.680060 0.049355 0.047950
0 0.712550 0.724041 0.024802 0.040675
0 0.805060 0.726190 0.057540 0.048280
0 0.852183 0.729828 0.043155 0.039021
0 0.807788 0.684689 0.053075 0.057209
0 0.852307 0.683697 0.043403 0.054563
0 0.590526 0.685681 0.044643 0.057209
0 0.589286 0.732474 0.041667 0.039021
0 0.634549 0.727017 0.047867 0.036706
0 0.678075 0.726687 0.042659 0.037368
0 0.677827 0.683201 0.042659 0.054233
0 0.635789 0.682540 0.048859 0.053571
0 0.537698 0.682540 0.055060 0.055556
0 0.484127 0.686343 0.055556 0.055225
0 0.430432 0.686839 0.055804 0.054894
0 0.537698 0.730489 0.054067 0.045635
0 0.484375 0.733300 0.053571 0.041997
0 0.431548 0.734127 0.053571 0.041667
0 0.125496 0.714120 0.059524 0.094907
0 0.188492 0.707837 0.078869 0.100198
0 0.233135 0.718089 0.036706 0.054563
0 0.270833 0.733796 0.047123 0.045635
0 0.270833 0.684358 0.047123 0.055225
0 0.321057 0.684854 0.051339 0.056217
0 0.369172 0.685020 0.042411 0.055886
0 0.369172 0.731151 0.039931 0.037698
0 0.326141 0.730820 0.037698 0.037037
0 0.108631 0.857308 0.072421 0.110119
0 0.168899 0.851025 0.067956 0.102183
0 0.250992 0.809193 0.110119 0.056878
0 0.244544 0.863591 0.104167 0.077050
0 0.355159 0.819444 0.109127 0.059524
0 0.352555 0.867890 0.079613 0.039352
0 0.437624 0.866567 0.052827 0.033399
0 0.438120 0.819114 0.054812 0.053571
0 0.489211 0.866402 0.052827 0.033730
0 0.489211 0.814484 0.054812 0.058862
0 0.540303 0.825397 0.043403 0.056217
0 0.543775 0.871858 0.032490 0.039352
0 0.682292 0.847222 0.057540 0.090608
0 0.733507 0.846561 0.065228 0.090608
0 0.789062 0.843089 0.070188 0.092262
0 0.846602 0.843089 0.062748 0.092262
0 0.092510 0.578538 0.033234 0.039352
