0 0.194721 0.128808 0.163347 0.065561
0 0.195717 0.069032 0.162351 0.067875
0 0.369522 0.075974 0.206175 0.071732
0 0.371265 0.135557 0.203685 0.073660
0 0.373257 0.189742 0.194721 0.053220
0 0.174552 0.183764 0.217629 0.060548
0 0.681026 0.071732 0.335159 0.060162
0 0.705428 0.139992 0.375000 0.085615
0 0.704681 0.199190 0.375498 0.046664
0 0.946713 0.158504 0.106574 0.130351
0 0.213396 0.372927 0.309263 0.089472
0 0.216384 0.426147 0.309263 0.061705
0 0.498506 0.435210 0.193227 0.045893
0 0.499004 0.385075 0.193227 0.074431
0 0.498257 0.305631 0.195717 0.107597
0 0.786355 0.318164 0.378486 0.094871
0 0.789592 0.392210 0.375996 0.074046
0 0.782122 0.433668 0.371016 0.059776
0 0.277141 0.662939 0.350100 0.089472
0 0.275647 0.572889 0.323207 0.062090
0 0.257719 0.520825 0.325199 0.071346
0 0.769422 0.685307 0.359562 0.070189
0 0.262699 0.782298 0.350100 0.088315
0 0.260707 0.838218 0.345120 0.082144
0 0.261205 0.886425 0.345120 0.085229
0 0.269422 0.930582 0.331673 0.059391
0 0.491783 0.935789 0.129980 0.059005
0 0.499253 0.882954 0.131972 0.075202
0 0.503237 0.833012 0.128984 0.067875
0 0.503237 0.776128 0.134960 0.070575
0 0.750000 0.866949 0.347610 0.120324
0 0.747510 0.946008 0.340637 0.061705
