0 0.048110 0.054425 0.096220 0.081416
0 0.120790 0.060398 0.079381 0.093363
0 0.235052 0.071239 0.109966 0.115044
0 0.338316 0.079867 0.107560 0.131416
0 0.414948 0.085619 0.094502 0.142920
0 0.495361 0.094469 0.091753 0.161504
0 0.563918 0.104204 0.092784 0.154425
0 0.641753 0.116814 0.089691 0.171681
0 0.702234 0.125664 0.094502 0.156637
0 0.763918 0.154867 0.069416 0.128319
0 0.819072 0.163496 0.067010 0.119912
0 0.864605 0.170354 0.065979 0.113274
0 0.915636 0.179204 0.063574 0.110619
0 0.964089 0.187832 0.071821 0.113717
0 0.715464 0.316372 0.095533 0.120354
0 0.647079 0.309513 0.081100 0.120796
0 0.576117 0.298673 0.091753 0.130088
0 0.495361 0.290044 0.087629 0.139381
0 0.421649 0.279425 0.091409 0.144690
0 0.343643 0.273673 0.095533 0.144690
0 0.256529 0.243363 0.099313 0.184956
0 0.159794 0.235619 0.106529 0.187168
0 0.065808 0.222788 0.119931 0.197788
0 0.056186 0.456416 0.112371 0.161504
0 0.153093 0.460398 0.102749 0.151770
0 0.240550 0.463274 0.095533 0.152212
0 0.338488 0.463053 0.095533 0.148230
0 0.418900 0.469248 0.087285 0.144690
0 0.487457 0.480973 0.075258 0.123894
0 0.543814 0.478761 0.079381 0.136283
0 0.602921 0.479867 0.075258 0.133186
0 0.647079 0.488717 0.055670 0.115487
0 0.690206 0.490487 0.052577 0.113717
0 0.665808 0.662832 0.079381 0.138938
0 0.604296 0.664602 0.079381 0.138938
0 0.539691 0.663717 0.084880 0.150442
0 0.471306 0.667478 0.084880 0.148230
0 0.401546 0.672345 0.087629 0.148230
0 0.328866 0.674558 0.095533 0.163274
0 0.247079 0.680310 0.094158 0.163274
0 0.165292 0.676327 0.095533 0.169469
0 0.072680 0.686947 0.106186 0.168584
0 0.042440 0.888496 0.084880 0.201770
0 0.141065 0.881637 0.103436 0.214602
0 0.226976 0.860398 0.097251 0.187168
0 0.310309 0.876770 0.095533 0.168584
0 0.378694 0.864159 0.085911 0.152212
0 0.453780 0.845796 0.097251 0.197788
0 0.518213 0.823451 0.074227 0.165487
0 0.582646 0.834071 0.098625 0.188496
0 0.649828 0.845796 0.079038 0.146460
0 0.698110 0.838938 0.073883 0.156637
0 0.794674 0.840929 0.083505 0.098673
0 0.852577 0.845575 0.080412 0.082301
0 0.930584 0.342699 0.058419 0.097788
0 0.963574 0.346681 0.035739 0.093363
0 0.884364 0.335841 0.042268 0.114159
0 0.849656 0.323894 0.047079 0.100885
0 0.809107 0.326327 0.047766 0.090708
0 0.767010 0.328319 0.049485 0.117699
0 0.953093 0.458628 0.049828 0.073009
0 0.920103 0.454646 0.043643 0.078319
0 0.885739 0.453319 0.047079 0.079204
0 0.851375 0.452434 0.051203 0.077434
0 0.815292 0.450885 0.049141 0.078761
0 0.779038 0.447788 0.055670 0.080531
0 0.742268 0.446903 0.050859 0.079646
0 0.736082 0.551106 0.046735 0.085398
0 0.766838 0.553761 0.038144 0.076549
0 0.800515 0.555531 0.046392 0.074779
0 0.833505 0.555531 0.045017 0.073894
0 0.919416 0.670575 0.045017 0.080088
0 0.880756 0.671460 0.051546 0.081858
0 0.708763 0.666814 0.029210 0.046018
0 0.707388 0.700664 0.026460 0.033186
0 0.730928 0.699558 0.032990 0.033628
0 0.735052 0.666814 0.032302 0.046018
0 0.756873 0.664159 0.032646 0.042478
0 0.757045 0.697124 0.031615 0.036726
