0 0.077133 0.107308 0.053571 0.083003
0 0.130704 0.107308 0.068452 0.079696
0 0.199157 0.097553 0.060516 0.091931
0 0.248884 0.082837 0.067212 0.120040
0 0.301711 0.088624 0.035962 0.086640
0 0.333953 0.087632 0.036954 0.086640
0 0.367932 0.081845 0.038938 0.087632
0 0.406126 0.078869 0.039435 0.092262
0 0.443328 0.073082 0.038442 0.099868
0 0.480407 0.073082 0.039187 0.095238
0 0.535094 0.071098 0.045883 0.114418
0 0.597594 0.079034 0.042907 0.102513
0 0.640501 0.084656 0.043899 0.086640
0 0.685392 0.078869 0.045883 0.092262
0 0.745908 0.078869 0.051835 0.087632
0 0.792783 0.073082 0.051835 0.091931
0 0.844494 0.051587 0.053571 0.071429
0 0.887649 0.047619 0.053571 0.072751
0 0.938368 0.043816 0.052827 0.071098
0 0.770337 0.932540 0.067956 0.122354
0 0.714782 0.757606 0.056548 0.070767
0 0.663938 0.750827 0.051587 0.080357
0 0.077257 0.229332 0.047371 0.056548
0 0.121528 0.229332 0.052083 0.057209
0 0.084449 0.351190 0.029018 0.049603
0 0.113343 0.353340 0.030258 0.048611
0 0.137525 0.350860 0.032986 0.057540
0 0.168527 0.351687 0.033482 0.058532
0 0.197545 0.348545 0.029514 0.044974
0 0.228919 0.349206 0.040179 0.046958
0 0.253596 0.351190 0.018601 0.041005
0 0.285342 0.352513 0.048363 0.046296
0 0.543527 0.893684 0.076141 0.125992
0 0.613467 0.908069 0.078125 0.134921
0 0.687500 0.926918 0.080357 0.136905
0 0.476438 0.837302 0.052579 0.050265
0 0.426215 0.833995 0.050843 0.043651
0 0.427083 0.893022 0.049107 0.059854
0 0.476935 0.903274 0.051587 0.063161
0 0.142857 0.781581 0.108631 0.056548
0 0.137153 0.821098 0.079365 0.052910
0 0.251612 0.791005 0.109871 0.075397
0 0.242436 0.842097 0.082093 0.061839
0 0.353051 0.824239 0.097470 0.076389
0 0.352183 0.868056 0.067956 0.041005
0 0.142361 0.643519 0.070437 0.040344
0 0.137401 0.680225 0.047123 0.047619
0 0.171131 0.682209 0.038194 0.054894
0 0.276166 0.692460 0.034970 0.061508
0 0.246900 0.689484 0.054812 0.064815
0 0.339658 0.710152 0.049355 0.059854
0 0.385417 0.715112 0.051587 0.055886
0 0.413690 0.705522 0.003968 0.071759
0 0.427827 0.707837 0.033234 0.084325
0 0.458953 0.713624 0.037450 0.085979
0 0.491443 0.716931 0.035466 0.083995
0 0.507688 0.721726 0.006448 0.068452
0 0.536458 0.729167 0.063492 0.074735
0 0.600322 0.744874 0.068700 0.084987
0 0.613591 0.629464 0.064980 0.102844
0 0.668031 0.635251 0.065228 0.108466
0 0.243924 0.589947 0.051339 0.053571
0 0.194444 0.588459 0.052579 0.047288
0 0.146205 0.581680 0.047867 0.056878
0 0.102803 0.576058 0.049355 0.056878
0 0.299851 0.597553 0.049603 0.056217
0 0.340526 0.603340 0.051091 0.052579
0 0.388269 0.609788 0.048859 0.057540
0 0.400050 0.446759 0.056548 0.065476
0 0.451389 0.450562 0.046627 0.061177
0 0.504092 0.453042 0.058780 0.068122
0 0.565104 0.453704 0.058780 0.066799
0 0.564980 0.518684 0.059028 0.073082
0 0.508061 0.516534 0.048363 0.065476
0 0.453869 0.510086 0.057044 0.063161
0 0.400670 0.506448 0.048363 0.059193
0 0.293527 0.444114 0.023065 0.062831
0 0.322545 0.446098 0.035466 0.061508
0 0.355531 0.446759 0.033482 0.066138
0 0.363095 0.497189 0.023810 0.033399
0 0.310764 0.493882 0.022321 0.032077
0 0.335938 0.496197 0.032986 0.035384
0 0.268973 0.437500 0.036458 0.053571
0 0.263393 0.484954 0.016369 0.040675
0 0.239087 0.485119 0.033730 0.040344
0 0.216642 0.481978 0.016121 0.038690
0 0.231895 0.436343 0.041667 0.057209
0 0.162574 0.478505 0.041419 0.058201
0 0.192956 0.480324 0.023313 0.057209
0 0.200025 0.497024 0.009673 0.027778
0 0.177827 0.423446 0.050099 0.058532
0 0.087178 0.474206 0.033482 0.054233
0 0.118676 0.474372 0.042907 0.055886
