0 0.053615 0.918709 0.107230 0.098039
0 0.045956 0.737132 0.091912 0.051062
0 0.114124 0.666871 0.054841 0.058415
0 0.167892 0.664828 0.065564 0.064134
0 0.256740 0.790645 0.065564 0.060049
0 0.314338 0.794730 0.065564 0.051062
0 0.437347 0.792688 0.061581 0.054330
0 0.380668 0.792892 0.063419 0.050654
0 0.491115 0.784926 0.050858 0.061683
0 0.540901 0.784926 0.046875 0.061683
0 0.589614 0.784926 0.046875 0.062500
0 0.645374 0.786969 0.053002 0.064134
0 0.650276 0.729167 0.053615 0.053105
0 0.698070 0.737132 0.057904 0.060049
0 0.750919 0.742034 0.057598 0.052696
0 0.750766 0.792688 0.064645 0.054330
0 0.818168 0.786765 0.071998 0.062092
0 0.887561 0.788807 0.083946 0.064542
0 0.925705 0.931373 0.089767 0.111928
0 0.848499 0.921569 0.091605 0.123366
0 0.773284 0.920752 0.077206 0.121732
0 0.700061 0.916667 0.077206 0.120098
0 0.630668 0.915850 0.068321 0.129085
0 0.568168 0.915850 0.068321 0.125817
0 0.482230 0.884600 0.091299 0.080474
0 0.482230 0.946895 0.100490 0.062092
0 0.380821 0.914828 0.104779 0.123775
0 0.275276 0.870915 0.125919 0.062092
0 0.265472 0.935253 0.128983 0.076389
0 0.163909 0.936479 0.112132 0.075572
0 0.073070 0.665645 0.053615 0.060049
0 0.240043 0.664828 0.069547 0.061683
0 0.204197 0.188521 0.039522 0.093546
0 0.169730 0.188930 0.047181 0.095180
0 0.136183 0.189747 0.045650 0.096814
0 0.281863 0.190564 0.034926 0.075572
0 0.314338 0.189338 0.037377 0.073121
0 0.347886 0.185866 0.038909 0.075980
0 0.380055 0.184028 0.031556 0.075572
0 0.423407 0.181373 0.038603 0.075980
0 0.459252 0.178922 0.037990 0.077614
0 0.494792 0.175449 0.036765 0.078023
0 0.530637 0.174224 0.036765 0.078023
0 0.568474 0.167688 0.034620 0.081291
0 0.603094 0.165237 0.035846 0.086193
0 0.638940 0.162786 0.037071 0.083742
0 0.675551 0.159314 0.037990 0.083333
0 0.712163 0.156046 0.040135 0.084150
0 0.845129 0.154820 0.045650 0.061275
0 0.802390 0.159109 0.047794 0.064134
0 0.772059 0.308007 0.042279 0.054739
0 0.825827 0.306373 0.069547 0.058007
0 0.879442 0.304330 0.046875 0.058007
0 0.931219 0.298611 0.066483 0.065359
0 0.977022 0.296977 0.042279 0.062908
0 0.571078 0.308619 0.064951 0.079657
0 0.636642 0.303922 0.072304 0.089052
0 0.707414 0.301062 0.074755 0.086601
0 0.388327 0.289216 0.090380 0.058824
0 0.477022 0.285131 0.088848 0.053922
0 0.394608 0.336806 0.088235 0.048611
0 0.480392 0.331291 0.088848 0.049020
0 0.197457 0.326185 0.041973 0.089461
0 0.229473 0.324346 0.037377 0.087418
0 0.261029 0.321691 0.043505 0.091912
0 0.296415 0.320466 0.039522 0.087010
0 0.330270 0.318423 0.037377 0.090278
0 0.028799 0.331699 0.057598 0.094771
0 0.095282 0.330270 0.033088 0.091095
0 0.122396 0.327410 0.048713 0.093546
0 0.160692 0.326389 0.047488 0.092320
0 0.243107 0.440972 0.067708 0.046160
0 0.180147 0.442810 0.068015 0.046569
0 0.119945 0.445057 0.064032 0.046160
0 0.317862 0.429943 0.057292 0.060866
0 0.370558 0.427492 0.054228 0.061683
0 0.422181 0.433619 0.058211 0.042892
0 0.712776 0.412582 0.064032 0.064542
0 0.652574 0.415237 0.058211 0.063317
0 0.594975 0.418096 0.058211 0.064134
0 0.537224 0.420139 0.058517 0.063317
0 0.479626 0.421977 0.057292 0.061275
0 0.765472 0.413399 0.035233 0.055556
0 0.807445 0.410131 0.048100 0.058007
0 0.846661 0.407884 0.037071 0.059232
0 0.910386 0.406046 0.049939 0.058824
0 0.959712 0.403595 0.043199 0.059641
0 0.926624 0.518382 0.059130 0.058824
0 0.881587 0.518791 0.042586 0.060458
0 0.841759 0.520833 0.051777 0.056373
0 0.795190 0.522059 0.046262 0.057190
0 0.755055 0.522672 0.045037 0.058415
0 0.572917 0.528391 0.037990 0.057598
0 0.610600 0.527369 0.036765 0.057190
0 0.649050 0.527369 0.041360 0.056373
0 0.335478 0.534926 0.056985 0.060049
0 0.386029 0.532067 0.048407 0.056781
0 0.434436 0.531454 0.054534 0.055556
0 0.488664 0.530842 0.053309 0.054330
0 0.016238 0.552492 0.032475 0.045343
0 0.049632 0.541258 0.039828 0.040033
0 0.077665 0.540850 0.032169 0.039216
0 0.109069 0.541667 0.037990 0.040850
0 0.143229 0.541462 0.039522 0.040441
0 0.179075 0.546160 0.037071 0.049837
0 0.212929 0.545547 0.043505 0.048611
0 0.247396 0.545343 0.034620 0.048203
0 0.275582 0.545139 0.043199 0.047794
0 0.372702 0.655229 0.057904 0.051471
0 0.428156 0.658701 0.045650 0.058415
0 0.478094 0.660335 0.052390 0.052696
0 0.476716 0.632149 0.049020 0.005310
0 0.313725 0.655025 0.064951 0.051062
0 0.529718 0.659518 0.052696 0.055147
0 0.630974 0.604575 0.045037 0.032680
0 0.585018 0.610703 0.051777 0.045752
0 0.633732 0.650327 0.049326 0.062908
0 0.583333 0.661765 0.048407 0.057190
0 0.316636 0.738358 0.057904 0.059232
0 0.373775 0.738358 0.063725 0.057598
0 0.435049 0.736315 0.061887 0.062500
0 0.202819 0.798407 0.061887 0.046977
0 0.146293 0.798611 0.059743 0.047386
0 0.090686 0.798611 0.063725 0.047386
0 0.034926 0.798611 0.061275 0.047386
0 0.231464 0.798203 0.005208 0.046569
0 0.691483 0.653799 0.055760 0.062500
0 0.742800 0.653391 0.060968 0.061683
0 0.807751 0.650735 0.056066 0.066993
0 0.870098 0.652778 0.077206 0.070261
0 0.936275 0.658292 0.067402 0.065768
0 0.700980 0.793505 0.055760 0.052696
