0 0.041964 0.107355 0.083927 0.126928
0 0.132225 0.114274 0.125099 0.129696
0 0.620150 0.141163 0.060570 0.136022
0 0.676366 0.144721 0.059778 0.132068
0 0.727633 0.150455 0.054632 0.125346
0 0.777712 0.170225 0.057403 0.096085
0 0.822842 0.170225 0.060570 0.096085
0 0.885194 0.172598 0.085511 0.096085
0 0.947546 0.178529 0.085115 0.084223
0 0.088876 0.499209 0.101742 0.062080
0 0.174188 0.496441 0.094220 0.067616
0 0.255740 0.494662 0.083135 0.065639
0 0.339667 0.483788 0.079177 0.063662
0 0.413500 0.482997 0.072447 0.064452
0 0.481394 0.480822 0.068092 0.059312
0 0.666271 0.469949 0.054632 0.054172
0 0.608472 0.472716 0.060174 0.060498
0 0.548496 0.473903 0.062154 0.062080
0 0.721694 0.459866 0.053048 0.048240
0 0.769398 0.454330 0.052652 0.049822
0 0.721694 0.487347 0.055424 0.013839
0 0.773753 0.483195 0.042359 0.015026
0 0.717340 0.434361 0.049089 0.006722
0 0.819675 0.457888 0.049485 0.057730
0 0.870546 0.457888 0.052257 0.052985
0 0.917063 0.454923 0.047902 0.052590
0 0.970309 0.452550 0.050673 0.052590
0 0.883413 0.523725 0.045527 0.053381
0 0.883215 0.567220 0.045131 0.044682
0 0.921417 0.514630 0.048694 0.046263
0 0.929929 0.558323 0.053048 0.050613
0 0.966152 0.511072 0.046318 0.039937
0 0.966548 0.548834 0.045527 0.044286
0 0.741291 0.543693 0.079572 0.058521
0 0.809778 0.536378 0.062945 0.054962
0 0.809976 0.578687 0.063341 0.039937
0 0.742280 0.584816 0.075218 0.036378
0 0.607086 0.547647 0.070071 0.061684
0 0.609066 0.597074 0.067696 0.049031
0 0.673199 0.586200 0.062945 0.057335
0 0.670625 0.538553 0.060174 0.043495
0 0.536421 0.554369 0.070467 0.064057
0 0.465558 0.559707 0.069675 0.069197
0 0.538797 0.606366 0.064925 0.049427
0 0.470507 0.609134 0.074030 0.058917
0 0.312549 0.572163 0.069279 0.062475
0 0.394893 0.569395 0.066112 0.057730
0 0.319675 0.623369 0.070863 0.049427
0 0.390538 0.620403 0.080364 0.055358
0 0.125891 0.643930 0.106888 0.078687
0 0.149248 0.582246 0.099762 0.058917
0 0.227435 0.577699 0.067696 0.049822
0 0.215162 0.635429 0.093824 0.074338
0 0.159937 0.765322 0.129850 0.119019
0 0.267023 0.748715 0.112035 0.115856
0 0.475257 0.738632 0.096200 0.067220
0 0.378860 0.754646 0.097387 0.059707
0 0.377078 0.705219 0.093032 0.079478
0 0.475653 0.696520 0.100158 0.061289
0 0.580958 0.704626 0.075614 0.085409
0 0.647268 0.667457 0.069675 0.071174
0 0.717538 0.672993 0.073238 0.082246
0 0.923001 0.653618 0.046318 0.070384
0 0.858076 0.660735 0.070863 0.079873
0 0.793745 0.663701 0.055424 0.066034
0 0.166073 0.931396 0.138955 0.134836
0 0.275930 0.919138 0.113222 0.122183
0 0.397466 0.884539 0.087094 0.129696
0 0.483175 0.868130 0.100950 0.124555
0 0.613420 0.852115 0.074030 0.102017
0 0.685273 0.828984 0.075218 0.112693
0 0.752969 0.808818 0.068884 0.111111
0 0.846397 0.775998 0.107680 0.077896
0 0.846397 0.816331 0.107680 0.056544
0 0.947546 0.796362 0.096200 0.054567
0 0.944774 0.753064 0.100950 0.061289
0 0.733373 0.262950 0.068488 0.075919
0 0.797110 0.360419 0.044735 0.046263
0 0.844616 0.363780 0.039984 0.046659
0 0.956057 0.360221 0.045131 0.051404
0 0.990499 0.362396 0.019002 0.057335
