0 0.653158 0.103394 0.062174 0.051514
0 0.704915 0.097534 0.063477 0.055420
0 0.770345 0.096558 0.062826 0.082275
0 0.826986 0.098511 0.058268 0.079346
0 0.915853 0.197144 0.099935 0.060303
0 0.796712 0.203979 0.099935 0.060303
0 0.092611 0.309448 0.053711 0.037842
0 0.126790 0.307495 0.051758 0.037842
0 0.164876 0.305542 0.051758 0.039795
0 0.216634 0.302612 0.051758 0.041748
0 0.903158 0.372925 0.066732 0.054443
0 0.848470 0.370972 0.066732 0.051514
0 0.784993 0.368042 0.056315 0.051514
0 0.732259 0.365112 0.057617 0.045166
0 0.593587 0.409058 0.061523 0.051514
0 0.659017 0.412964 0.060221 0.044678
0 0.918783 0.287964 0.090169 0.072998
0 0.732259 0.416016 0.060221 0.052246
0 0.786133 0.417358 0.051432 0.049561
0 0.843099 0.419922 0.064453 0.047363
0 0.902018 0.420776 0.060547 0.049561
0 0.635091 0.475220 0.073568 0.051025
0 0.708333 0.477905 0.075521 0.052490
0 0.788249 0.480591 0.081706 0.053467
0 0.870117 0.483521 0.086589 0.050537
0 0.870117 0.530884 0.085938 0.047119
0 0.785156 0.527100 0.081380 0.044434
0 0.702474 0.521851 0.077474 0.044678
0 0.631022 0.518066 0.066081 0.043457
0 0.706217 0.582520 0.075846 0.048340
0 0.703613 0.623413 0.069987 0.047119
0 0.771484 0.628784 0.076823 0.048584
0 0.780436 0.585327 0.078451 0.052979
0 0.862793 0.607788 0.098633 0.078369
0 0.562826 0.568481 0.067057 0.044189
0 0.631348 0.567627 0.073242 0.038574
0 0.625326 0.607666 0.082682 0.054199
0 0.666016 0.619751 0.003906 0.041748
0 0.543620 0.641479 0.035156 0.004150
0 0.145996 0.479492 0.049154 0.063477
0 0.185221 0.477539 0.059896 0.071289
0 0.278320 0.474243 0.046224 0.065186
0 0.318522 0.478394 0.041341 0.065186
0 0.338216 0.488403 0.043620 0.066162
0 0.409668 0.469116 0.085612 0.042236
0 0.400553 0.506470 0.092122 0.039795
0 0.481608 0.506714 0.062174 0.047607
0 0.544759 0.509766 0.071940 0.048828
0 0.550618 0.461914 0.060221 0.030273
0 0.489583 0.461060 0.060547 0.033447
0 0.216309 0.405029 0.075195 0.041504
0 0.279622 0.405029 0.057943 0.041504
0 0.340820 0.406616 0.072266 0.044678
0 0.406901 0.407349 0.084635 0.046143
0 0.138672 0.401733 0.069010 0.042725
0 0.139323 0.360840 0.067057 0.041992
0 0.492513 0.407104 0.054036 0.045654
0 0.540202 0.407959 0.043294 0.046875
0 0.316895 0.552979 0.066732 0.044922
0 0.318522 0.590210 0.069987 0.044189
0 0.388021 0.597534 0.076823 0.041260
0 0.388346 0.558838 0.085286 0.047363
0 0.459147 0.560303 0.062826 0.043457
0 0.455566 0.601685 0.069336 0.044189
0 0.213379 0.559082 0.074544 0.046387
0 0.263672 0.558350 0.029297 0.044434
0 0.184408 0.659180 0.075846 0.071777
0 0.367513 0.688110 0.053385 0.044189
0 0.310872 0.683960 0.054688 0.042236
0 0.492025 0.700928 0.122070 0.054199
0 0.498698 0.660522 0.134115 0.052002
0 0.651855 0.677490 0.126628 0.046387
0 0.651530 0.701416 0.127279 0.042969
0 0.760905 0.684814 0.072591 0.047363
0 0.760091 0.734009 0.072917 0.056396
0 0.846517 0.698364 0.062826 0.048584
0 0.846191 0.742310 0.062174 0.052002
0 0.956055 0.715332 0.087891 0.076172
0 0.370931 0.132935 0.073242 0.069580
0 0.391602 0.223877 0.077474 0.066406
0 0.299479 0.133301 0.063151 0.055664
0 0.320638 0.224609 0.066406 0.066406
0 0.248210 0.226196 0.069987 0.056396
0 0.235677 0.142822 0.070964 0.058105
0 0.175130 0.144409 0.063151 0.059814
0 0.190592 0.235107 0.069987 0.077637
0 0.135417 0.231567 0.064453 0.053955
0 0.078451 0.231689 0.053385 0.055664
0 0.053385 0.153687 0.057943 0.063721
0 0.115560 0.149780 0.059896 0.063721
