0 0.908565 0.117560 0.153108 0.056548
0 0.908399 0.160590 0.142857 0.058780
0 0.902612 0.198785 0.141204 0.050347
0 0.785384 0.158606 0.133598 0.046875
0 0.782573 0.201513 0.128638 0.044395
0 0.664352 0.122520 0.134921 0.056548
0 0.661376 0.162574 0.133598 0.051835
0 0.663360 0.198785 0.134921 0.050347
0 0.544147 0.125372 0.129299 0.053323
0 0.542163 0.163566 0.129299 0.050347
0 0.546131 0.201513 0.135251 0.044395
0 0.423115 0.120536 0.133267 0.051587
0 0.425099 0.160590 0.135251 0.054812
0 0.428075 0.201513 0.124669 0.044395
0 0.309193 0.203125 0.131614 0.040179
0 0.193618 0.177455 0.084987 0.098462
0 0.120370 0.177703 0.083995 0.098462
0 0.052083 0.183532 0.077050 0.091766
0 0.124669 0.284598 0.208995 0.049851
0 0.124669 0.326017 0.208995 0.047867
0 0.127646 0.364459 0.207672 0.043403
0 0.324901 0.283854 0.208664 0.049851
0 0.323743 0.325397 0.203704 0.048115
0 0.327381 0.363343 0.199735 0.042659
0 0.520503 0.281622 0.210317 0.051339
0 0.529927 0.323041 0.206019 0.048859
0 0.523975 0.361235 0.199405 0.042907
0 0.742725 0.280134 0.212302 0.051339
0 0.732639 0.320437 0.204034 0.046627
0 0.729001 0.358383 0.197421 0.044147
0 0.868882 0.355903 0.109458 0.046131
0 0.875000 0.316096 0.101190 0.046379
0 0.929729 0.288070 0.140542 0.040427
0 0.955522 0.323413 0.088955 0.045139
0 0.954200 0.361483 0.091601 0.045387
0 0.128142 0.443824 0.233135 0.048363
0 0.130952 0.481647 0.234788 0.046131
0 0.135251 0.516121 0.227513 0.045139
0 0.369213 0.513765 0.221230 0.042411
0 0.366402 0.479291 0.222884 0.042411
0 0.356812 0.442088 0.225529 0.049355
0 0.580026 0.440476 0.228836 0.049603
0 0.581019 0.478175 0.228836 0.042163
0 0.582837 0.512525 0.219907 0.042411
0 0.799769 0.511781 0.227183 0.043403
0 0.800761 0.476687 0.231812 0.043155
0 0.805060 0.437748 0.233135 0.048611
0 0.154431 0.575025 0.214286 0.051339
0 0.361772 0.575149 0.214286 0.053075
0 0.572255 0.573041 0.211310 0.049355
0 0.780423 0.608135 0.222884 0.050595
0 0.570602 0.610243 0.211310 0.038938
0 0.358300 0.612599 0.212632 0.041171
0 0.152943 0.613467 0.211310 0.042411
0 0.158896 0.647817 0.209987 0.040179
0 0.361772 0.643849 0.208333 0.039187
0 0.572255 0.643601 0.209987 0.041171
0 0.783069 0.647941 0.218254 0.038938
0 0.199570 0.704117 0.200066 0.035714
0 0.199570 0.735863 0.193452 0.041667
0 0.196429 0.768601 0.199735 0.043651
0 0.394015 0.766989 0.201389 0.042411
0 0.392361 0.733383 0.196098 0.038194
0 0.393188 0.702257 0.198413 0.034474
0 0.589286 0.696925 0.197090 0.025794
0 0.587632 0.730903 0.201058 0.045139
0 0.587632 0.767237 0.198413 0.038938
0 0.788525 0.768973 0.210648 0.044891
0 0.785384 0.737971 0.205026 0.042411
0 0.787698 0.705357 0.213624 0.043155
0 0.188988 0.831473 0.162368 0.030506
0 0.354167 0.829985 0.189815 0.031994
0 0.354167 0.853919 0.185847 0.042659
0 0.161376 0.884301 0.209656 0.062748
0 0.150959 0.934400 0.206680 0.031002
0 0.354332 0.933656 0.193452 0.031994
0 0.363757 0.902902 0.199074 0.045883
0 0.571429 0.844370 0.203042 0.063740
0 0.582672 0.915303 0.218254 0.063740
0 0.778935 0.827257 0.212632 0.033978
0 0.779101 0.857763 0.216931 0.058284
0 0.808532 0.914931 0.227513 0.062500
