0 0.135135 0.233972 0.054955 0.074354
0 0.184009 0.232858 0.040991 0.073909
0 0.217342 0.232858 0.042793 0.073909
0 0.257207 0.233972 0.046847 0.073464
0 0.309910 0.236866 0.052252 0.067676
0 0.358784 0.236866 0.047297 0.065895
0 0.409459 0.231968 0.063063 0.077471
0 0.497523 0.221060 0.074324 0.101069
0 0.830405 0.238646 0.050901 0.070347
0 0.874550 0.239760 0.050901 0.071683
0 0.931081 0.229964 0.070270 0.084150
0 0.794595 0.382235 0.053153 0.052983
0 0.736937 0.370659 0.071171 0.069902
0 0.665315 0.353963 0.064865 0.101514
0 0.598198 0.352850 0.064865 0.101069
0 0.537613 0.352850 0.061712 0.096616
0 0.475000 0.377337 0.066216 0.065450
0 0.409459 0.374443 0.058559 0.054319
0 0.352027 0.352850 0.051802 0.096616
0 0.312838 0.351069 0.047297 0.093054
0 0.265090 0.349955 0.051802 0.093500
0 0.190090 0.349955 0.053153 0.088157
0 0.121622 0.349955 0.052252 0.084595
0 0.127252 0.478851 0.061712 0.090383
0 0.188063 0.477070 0.047297 0.081478
0 0.224099 0.475067 0.052703 0.093500
0 0.274775 0.476848 0.049550 0.093500
0 0.329730 0.479074 0.053153 0.093500
0 0.381306 0.476848 0.052703 0.093500
0 0.425225 0.476848 0.046847 0.093500
0 0.477027 0.476848 0.045045 0.093500
0 0.522973 0.480855 0.053153 0.088157
0 0.617568 0.479074 0.053153 0.093500
0 0.666441 0.479074 0.047297 0.084595
0 0.727928 0.509127 0.067568 0.046750
0 0.798198 0.508237 0.058559 0.052093
0 0.862838 0.497329 0.085135 0.077471
0 0.725000 0.601069 0.051802 0.081923
0 0.672523 0.601959 0.053153 0.081923
0 0.613739 0.608860 0.054505 0.077916
0 0.554279 0.601069 0.061712 0.093500
0 0.499324 0.617542 0.035586 0.110419
0 0.456532 0.624443 0.051802 0.101959
0 0.311937 0.617765 0.054505 0.096616
0 0.209459 0.624443 0.050450 0.087711
0 0.162613 0.624443 0.053153 0.093054
0 0.111712 0.620436 0.051351 0.101069
0 0.164640 0.743544 0.047297 0.079252
0 0.204505 0.742654 0.046847 0.077471
0 0.248649 0.741763 0.044144 0.077471
0 0.291441 0.746661 0.046847 0.077471
0 0.169369 0.847061 0.049550 0.101959
0 0.219144 0.852182 0.049099 0.093500
0 0.263288 0.855744 0.047297 0.084595
0 0.314865 0.858860 0.054054 0.084595
0 0.751351 0.868655 0.040541 0.079252
0 0.789640 0.871549 0.049550 0.093054
0 0.837387 0.876447 0.049550 0.085931
0 0.879279 0.876447 0.036036 0.078807
0 0.812838 0.718166 0.046396 0.077471
0 0.607883 0.737756 0.063514 0.077471
0 0.548198 0.737756 0.063063 0.077471
0 0.477027 0.719056 0.036036 0.061443
0 0.429054 0.727070 0.047297 0.065895
0 0.391892 0.726848 0.044144 0.060997
0 0.354054 0.719056 0.040541 0.063224
0 0.672297 0.733972 0.061712 0.090383
0 0.730856 0.733972 0.061712 0.090383
0 0.446622 0.043411 0.038288 0.064559
0 0.402703 0.044524 0.037838 0.063224
0 0.402703 0.109751 0.040541 0.054764
0 0.443694 0.108860 0.040541 0.054764
0 0.503378 0.098175 0.040991 0.075245
0 0.550450 0.097061 0.040541 0.079252
0 0.594369 0.090383 0.049099 0.095280
0 0.635135 0.106857 0.039640 0.058771
0 0.679279 0.111754 0.040541 0.050757
0 0.736712 0.114871 0.047297 0.047195
0 0.782658 0.114648 0.047297 0.045859
0 0.177703 0.104630 0.083333 0.062333
0 0.094820 0.089047 0.079730 0.068566
0 0.162838 0.347952 0.043694 0.100178
0 0.903378 0.374889 0.038288 0.064114
0 0.942568 0.377783 0.042793 0.073464
0 0.385586 0.829475 0.034234 0.074800
0 0.418243 0.845948 0.048198 0.098842
0 0.539189 0.854408 0.046847 0.105966
0 0.593243 0.860864 0.063063 0.112645
0 0.634910 0.849065 0.044595 0.063224
0 0.668919 0.851291 0.038739 0.067676
0 0.861261 0.725512 0.045045 0.089492
0 0.780405 0.613313 0.044595 0.085040
0 0.925901 0.623108 0.044595 0.077026
0 0.876126 0.618433 0.053153 0.081033
0 0.820946 0.618655 0.049099 0.085040
0 0.554730 0.221505 0.043694 0.043188
0 0.641216 0.220837 0.079730 0.043633
0 0.719820 0.222395 0.077477 0.041407
0 0.715315 0.259127 0.079279 0.031167
0 0.638288 0.258459 0.075676 0.032502
0 0.555856 0.258014 0.045045 0.032502
0 0.556306 0.279386 0.037838 0.012021
0 0.637387 0.280053 0.037838 0.010686
0 0.721171 0.280053 0.038739 0.009795
0 0.758333 0.280053 0.019369 0.009795
0 0.408559 0.624443 0.053153 0.104630
0 0.849324 0.356857 0.068919 0.036064
0 0.851577 0.395147 0.068919 0.036064
0 0.937838 0.463268 0.052252 0.053874
0 0.937838 0.515138 0.052252 0.048085
