0 0.063452 0.084067 0.126904 0.064425
0 0.064902 0.032527 0.111675 0.055625
0 0.160442 0.038498 0.098260 0.063796
0 0.164793 0.091295 0.093909 0.048083
0 0.560914 0.017756 0.118927 0.035512
0 0.560914 0.057040 0.113851 0.065053
0 0.668238 0.053268 0.121827 0.061911
0 0.669326 0.011628 0.098622 0.021999
0 0.794779 0.044626 0.128354 0.065368
0 0.910624 0.037241 0.135968 0.073224
0 0.908267 0.162634 0.128354 0.072596
0 0.905185 0.212916 0.129442 0.073224
0 0.901015 0.268228 0.121102 0.061282
0 0.798949 0.219045 0.115664 0.065368
0 0.796773 0.274199 0.113488 0.061282
0 0.801124 0.166248 0.116389 0.065368
0 0.669326 0.188404 0.113851 0.061282
0 0.668238 0.233658 0.108049 0.055625
0 0.669326 0.277970 0.113851 0.055625
0 0.564177 0.236329 0.105874 0.059711
0 0.564177 0.282841 0.110225 0.053426
0 0.465373 0.284098 0.072154 0.057825
0 0.465373 0.244815 0.063452 0.040855
0 0.466461 0.209145 0.067803 0.053111
0 0.361313 0.207888 0.091733 0.041169
0 0.360225 0.249686 0.098260 0.041169
0 0.352792 0.288969 0.110225 0.044940
0 0.234953 0.212916 0.097897 0.044940
0 0.235859 0.253457 0.098260 0.041169
0 0.235859 0.293997 0.102611 0.048083
0 0.160442 0.211659 0.088832 0.043055
0 0.156273 0.253457 0.091371 0.041169
0 0.137237 0.293997 0.102611 0.049969
0 0.599166 0.434789 0.199782 0.059397
0 0.608956 0.480201 0.197607 0.054054
0 0.806563 0.428975 0.207759 0.058454
0 0.803299 0.475487 0.212110 0.055311
0 0.561639 0.556411 0.202321 0.076996
0 0.556381 0.610937 0.210660 0.050911
0 0.556381 0.651791 0.210660 0.055311
0 0.778281 0.555311 0.249819 0.075424
0 0.782270 0.608737 0.254895 0.055940
0 0.778281 0.644877 0.244743 0.071653
0 0.774474 0.719673 0.207397 0.056568
0 0.764141 0.755500 0.204859 0.058454
0 0.585025 0.706631 0.193256 0.034255
0 0.579587 0.747014 0.191806 0.058454
0 0.394126 0.715431 0.200870 0.056882
0 0.396483 0.747643 0.193981 0.050283
0 0.188361 0.739158 0.231690 0.066625
0 0.174764 0.779227 0.205946 0.050597
0 0.192893 0.847266 0.212473 0.053426
0 0.192168 0.889063 0.212473 0.057197
0 0.187999 0.932904 0.213561 0.058768
0 0.387237 0.939346 0.213923 0.055311
0 0.387237 0.890006 0.218999 0.067882
0 0.387237 0.838624 0.215373 0.029227
0 0.585569 0.857637 0.196519 0.043997
0 0.584663 0.890635 0.202683 0.050911
0 0.581581 0.924419 0.203046 0.058768
0 0.771211 0.857951 0.206672 0.046512
0 0.772661 0.891263 0.206672 0.050911
0 0.768854 0.923004 0.204133 0.042740
0 0.788071 0.963231 0.228064 0.056568
0 0.190537 0.479101 0.120740 0.058140
0 0.199782 0.429447 0.102973 0.053740
0 0.343727 0.552326 0.155910 0.051854
0 0.343727 0.591138 0.158086 0.042112
0 0.334300 0.638435 0.182016 0.062539
0 0.144851 0.643463 0.209210 0.049969
0 0.149384 0.602608 0.220450 0.049969
0 0.145214 0.561754 0.222988 0.055625
0 0.080493 0.431490 0.152284 0.057825
0 0.077774 0.478316 0.125091 0.046512
0 0.044598 0.255028 0.079768 0.044940
0 0.046773 0.298554 0.087020 0.050911
0 0.274474 0.013356 0.116026 0.023570
0 0.277375 0.042583 0.124003 0.047454
0 0.278825 0.080610 0.128354 0.044940
0 0.391951 0.074953 0.124003 0.049340
0 0.391226 0.034255 0.125453 0.049026
