0 0.073232 0.102966 0.128099 0.159501
0 0.197888 0.102966 0.128558 0.150043
0 0.319100 0.104256 0.119376 0.139725
0 0.420110 0.108126 0.113866 0.139725
0 0.516299 0.108126 0.099633 0.136285
0 0.631772 0.115649 0.108356 0.121238
0 0.731175 0.115649 0.099633 0.118659
0 0.830808 0.115649 0.099633 0.122098
0 0.919421 0.116939 0.086777 0.116939
0 0.955464 0.297077 0.077135 0.091144
0 0.890266 0.297077 0.077135 0.091144
0 0.821625 0.297077 0.076676 0.091144
0 0.754591 0.294712 0.072084 0.100172
0 0.682507 0.292132 0.078512 0.106191
0 0.606520 0.294712 0.074380 0.102752
0 0.530762 0.294712 0.074380 0.102752
0 0.438476 0.274291 0.110193 0.150473
0 0.335170 0.276870 0.113866 0.150473
0 0.216024 0.284609 0.118916 0.135856
0 0.073232 0.284394 0.128099 0.138005
0 0.109275 0.482588 0.123049 0.142304
0 0.223140 0.477429 0.113866 0.137145
0 0.337006 0.467326 0.113866 0.144454
0 0.442149 0.464746 0.113866 0.142734
0 0.550505 0.472485 0.097337 0.121238
0 0.632002 0.470980 0.086777 0.119089
0 0.722222 0.466036 0.090909 0.125537
0 0.803719 0.464746 0.086777 0.121238
0 0.897612 0.472485 0.069789 0.095443
0 0.966483 0.471195 0.065197 0.091144
0 0.960973 0.664015 0.074380 0.106191
0 0.886823 0.660361 0.081267 0.121238
0 0.803719 0.669390 0.081267 0.114359
0 0.727732 0.671754 0.082645 0.121668
0 0.631772 0.675408 0.097337 0.125537
0 0.526860 0.677988 0.099633 0.131556
0 0.429293 0.675408 0.110193 0.150473
0 0.319100 0.680567 0.112029 0.155632
0 0.212580 0.693250 0.119376 0.142304
0 0.098485 0.700989 0.112489 0.142304
0 0.409320 0.883921 0.074839 0.125537
0 0.234160 0.874893 0.106520 0.167670
0 0.114784 0.902837 0.145087 0.192605
0 0.546832 0.849527 0.082645 0.131556
0 0.626492 0.844583 0.081267 0.153482
0 0.731175 0.840714 0.086777 0.153482
0 0.814279 0.852107 0.086777 0.134996
0 0.917585 0.845658 0.086777 0.150473
0 0.968090 0.807610 0.060147 0.135426
0 0.550505 0.764402 0.080808 0.037833
