0 0.053232 0.953776 0.063009 0.092448
0 0.034492 0.893880 0.068984 0.070312
0 0.723791 0.767904 0.059207 0.074870
0 0.885117 0.705078 0.070071 0.093750
0 0.954916 0.690430 0.080391 0.083984
0 0.062738 0.107747 0.082021 0.080078
0 0.133351 0.111979 0.075502 0.078125
0 0.264802 0.120768 0.062466 0.067057
0 0.322379 0.121745 0.062466 0.067708
0 0.377512 0.125326 0.053232 0.067057
0 0.432102 0.127604 0.051602 0.065104
0 0.476643 0.126953 0.041825 0.078125
0 0.510864 0.127604 0.035307 0.070312
0 0.552417 0.129557 0.038023 0.070312
0 0.583922 0.126628 0.042368 0.078776
0 0.640413 0.140951 0.033677 0.055339
0 0.700163 0.141602 0.034764 0.059245
0 0.729495 0.143880 0.031505 0.057292
0 0.757197 0.144531 0.027159 0.055990
0 0.783542 0.140625 0.025530 0.045573
0 0.806627 0.139323 0.026073 0.039062
0 0.671374 0.148438 0.034764 0.042969
0 0.075502 0.241211 0.083650 0.074870
0 0.144215 0.241536 0.072243 0.072917
0 0.210212 0.241862 0.068441 0.069661
0 0.271320 0.241211 0.060293 0.069661
0 0.334329 0.240560 0.055948 0.067057
0 0.387561 0.240234 0.055948 0.065104
0 0.439978 0.237630 0.059750 0.070312
0 0.486692 0.233724 0.042368 0.050781
0 0.523357 0.237956 0.038566 0.041016
0 0.553775 0.239258 0.039652 0.060547
0 0.593156 0.240234 0.038023 0.055990
0 0.628191 0.234049 0.039652 0.065755
0 0.660782 0.233724 0.036393 0.066406
0 0.700706 0.242188 0.033677 0.042969
0 0.736556 0.243164 0.038023 0.043620
0 0.770777 0.244141 0.030418 0.042969
0 0.811244 0.243490 0.041825 0.042969
0 0.071429 0.373372 0.064639 0.077474
0 0.132265 0.366862 0.074416 0.072266
0 0.196632 0.364258 0.069527 0.072266
0 0.256382 0.360026 0.066268 0.070312
0 0.315046 0.357096 0.061923 0.068359
0 0.371537 0.352865 0.058664 0.066406
0 0.422053 0.349284 0.052146 0.064453
0 0.299294 0.462240 0.058664 0.054688
0 0.352526 0.455729 0.056491 0.055990
0 0.404943 0.449219 0.053775 0.053385
0 0.456545 0.450195 0.054861 0.068359
0 0.102662 0.494792 0.074959 0.087240
0 0.171103 0.485677 0.071700 0.075521
0 0.233569 0.477539 0.066268 0.073568
0 0.410646 0.561849 0.043455 0.092448
0 0.447040 0.552734 0.044541 0.097656
0 0.479087 0.550130 0.043455 0.089844
0 0.612982 0.526042 0.029875 0.087240
0 0.582292 0.531901 0.038023 0.085938
0 0.547529 0.536784 0.046714 0.089193
0 0.689028 0.419596 0.061380 0.072266
0 0.634438 0.425781 0.068441 0.072917
0 0.579848 0.438151 0.045084 0.052083
0 0.531233 0.439453 0.053232 0.048177
0 0.894894 0.403320 0.035307 0.043620
0 0.858229 0.407552 0.038023 0.046875
0 0.820478 0.410807 0.038566 0.045573
0 0.778924 0.413411 0.047800 0.042969
0 0.772135 0.334961 0.032048 0.043620
0 0.793862 0.333333 0.014666 0.042969
0 0.815046 0.331706 0.028789 0.043620
0 0.860402 0.326172 0.033677 0.046875
0 0.895166 0.325846 0.034764 0.043620
0 0.915535 0.326823 0.007061 0.036458
0 0.932917 0.324219 0.039652 0.040365
0 0.950027 0.324544 0.005432 0.035807
0 0.583922 0.338867 0.034764 0.038411
0 0.614883 0.336914 0.029332 0.038411
0 0.646931 0.328125 0.034764 0.052083
0 0.673275 0.329427 0.033134 0.045573
0 0.703422 0.331706 0.032591 0.037109
0 0.731396 0.330404 0.030961 0.037109
0 0.789245 0.513346 0.042368 0.052734
0 0.747963 0.522135 0.041282 0.044271
0 0.749049 0.488932 0.043455 0.031250
0 0.885117 0.469727 0.062466 0.044922
0 0.890277 0.503581 0.052146 0.041016
0 0.836773 0.510091 0.053775 0.046224
0 0.809886 0.744141 0.048886 0.092448
0 0.847637 0.727539 0.048343 0.091797
0 0.859044 0.679688 0.025530 0.018229
0 0.617599 0.824219 0.053232 0.065104
0 0.615698 0.775065 0.049430 0.070964
0 0.662140 0.759440 0.060837 0.064453
0 0.668115 0.806315 0.048886 0.063151
0 0.918523 0.593099 0.030418 0.033854
0 0.918523 0.559896 0.030418 0.048177
0 0.947854 0.552409 0.029332 0.047526
0 0.948126 0.587240 0.028789 0.033854
0 0.853341 0.577148 0.032591 0.050130
0 0.853069 0.616211 0.032048 0.046224
0 0.884302 0.608724 0.030418 0.044271
0 0.884845 0.571940 0.029332 0.039714
0 0.775394 0.591471 0.035307 0.046224
0 0.805269 0.617513 0.027702 0.039714
0 0.780826 0.628255 0.026616 0.036458
0 0.695003 0.598958 0.040739 0.045573
0 0.733026 0.596354 0.039652 0.040365
0 0.733297 0.639974 0.036936 0.040365
0 0.694460 0.647135 0.040739 0.037760
0 0.646931 0.625651 0.046714 0.037760
0 0.647474 0.665039 0.046714 0.056641
0 0.603476 0.674479 0.048886 0.059896
0 0.555133 0.682292 0.053232 0.057292
0 0.571972 0.616211 0.042368 0.041016
0 0.469039 0.640951 0.065725 0.048828
0 0.481260 0.687500 0.059750 0.075521
0 0.438892 0.698568 0.049973 0.080729
0 0.345193 0.715169 0.084193 0.112630
0 0.302010 0.743490 0.015209 0.057292
0 0.174090 0.742513 0.095057 0.111328
0 0.265345 0.740560 0.088539 0.113932
0 0.310972 0.728190 0.014666 0.091797
0 0.170288 0.924154 0.095057 0.136068
0 0.242260 0.874023 0.084737 0.125651
0 0.546442 0.829102 0.052146 0.078776
0 0.497012 0.855143 0.055405 0.057943
0 0.485062 0.809245 0.067355 0.062500
0 0.419880 0.833008 0.073873 0.077474
0 0.419066 0.887370 0.050516 0.057292
0 0.362303 0.904948 0.056491 0.058594
0 0.351711 0.851237 0.083107 0.077474
0 0.868278 0.245117 0.022271 0.039714
0 0.892178 0.245768 0.024443 0.037109
0 0.922325 0.242839 0.031505 0.041667
0 0.203694 0.109375 0.077132 0.102865
0 0.758012 0.723307 0.046171 0.062500
0 0.767789 0.778971 0.042911 0.054036
0 0.975014 0.434896 0.046714 0.091146
0 0.979087 0.551758 0.030961 0.085286
0 0.948941 0.472005 0.020641 0.083333
0 0.923140 0.481120 0.025530 0.075521
