0 0.098545 0.183036 0.197090 0.175595
0 0.231151 0.199653 0.131614 0.148313
0 0.337632 0.204613 0.122354 0.140377
0 0.432209 0.229911 0.090608 0.093750
0 0.515542 0.232887 0.085317 0.090774
0 0.590608 0.236855 0.076720 0.090774
0 0.658069 0.239831 0.071429 0.092758
0 0.716601 0.243552 0.062831 0.090278
0 0.771164 0.248512 0.055556 0.084325
0 0.820767 0.252480 0.050265 0.079365
0 0.871032 0.254464 0.051587 0.077381
0 0.914683 0.259177 0.047619 0.071925
0 0.955688 0.262153 0.047619 0.070933
0 0.949735 0.405754 0.047619 0.063492
0 0.909061 0.406746 0.044312 0.068452
0 0.869048 0.409722 0.047619 0.070437
0 0.820767 0.412698 0.051587 0.072421
0 0.771164 0.412698 0.054233 0.081349
0 0.718585 0.417411 0.058862 0.087798
0 0.655754 0.421379 0.065476 0.093750
0 0.590608 0.426339 0.062169 0.096726
0 0.527116 0.430060 0.079365 0.101190
0 0.444114 0.432044 0.083995 0.116071
0 0.362765 0.441964 0.097222 0.120040
0 0.266204 0.449653 0.109127 0.130456
0 0.152116 0.454613 0.134921 0.142361
0 0.179233 0.733879 0.134921 0.117560
0 0.277116 0.716270 0.108466 0.110119
0 0.380622 0.693948 0.102513 0.110119
0 0.460648 0.672371 0.087963 0.109623
0 0.540675 0.650050 0.078704 0.089782
0 0.609127 0.635169 0.079365 0.093750
0 0.669643 0.620784 0.064153 0.084821
0 0.728175 0.602927 0.054233 0.077877
0 0.771164 0.597222 0.063492 0.077381
0 0.821098 0.583581 0.045635 0.064980
0 0.858135 0.576637 0.045635 0.060020
0 0.895172 0.566964 0.041667 0.065476
0 0.694114 0.720238 0.085317 0.125000
0 0.635582 0.738839 0.079365 0.140377
0 0.566799 0.764137 0.072751 0.134425
0 0.223214 0.877480 0.156746 0.179563
0 0.608135 0.540427 0.085317 0.096726
0 0.681217 0.531002 0.070106 0.096726
0 0.743717 0.525050 0.062831 0.089782
0 0.832672 0.506200 0.055556 0.081845
0 0.884259 0.493552 0.055556 0.070437
0 0.916667 0.488839 0.044974 0.071925
0 0.957672 0.482887 0.051587 0.071925
0 0.956019 0.564980 0.037698 0.061508
0 0.920635 0.564980 0.039683 0.063492
0 0.540675 0.548363 0.080026 0.109623
0 0.444114 0.564732 0.105159 0.096726
0 0.350529 0.583581 0.104497 0.109623
0 0.263228 0.587302 0.113757 0.116071
0 0.146164 0.611855 0.121693 0.124504
0 0.479167 0.787698 0.102513 0.123016
0 0.326720 0.846230 0.117725 0.156746
0 0.387566 0.825645 0.117725 0.153274
0 0.632275 0.340774 0.031746 0.027778
0 0.665675 0.340030 0.028439 0.025298
0 0.702050 0.338046 0.027116 0.024306
0 0.726190 0.337054 0.031746 0.022321
0 0.776455 0.337550 0.031746 0.017361
0 0.806878 0.337550 0.031746 0.020337
0 0.829034 0.337054 0.035053 0.021329
0 0.867063 0.337054 0.030423 0.021329
0 0.892857 0.336062 0.026455 0.024306
0 0.911706 0.334573 0.020503 0.021329
0 0.930556 0.336806 0.019841 0.018849
0 0.949405 0.335317 0.020503 0.018849
0 0.966601 0.335813 0.015212 0.018849
0 0.782077 0.687252 0.076058 0.049107
0 0.817460 0.670635 0.087302 0.038690
0 0.851190 0.648810 0.080688 0.038690
0 0.924272 0.633929 0.102513 0.036706
