0 0.010750 0.362167 0.021500 0.041667
0 0.050750 0.360167 0.056500 0.041667
0 0.104375 0.359167 0.047750 0.041000
0 0.146375 0.358167 0.034250 0.041000
0 0.175625 0.358167 0.034250 0.037667
0 0.204000 0.360167 0.033500 0.037667
0 0.231250 0.359167 0.032500 0.035667
0 0.262500 0.359167 0.032500 0.035667
0 0.290875 0.360167 0.036250 0.035667
0 0.331000 0.360333 0.037500 0.033333
0 0.393375 0.343667 0.077750 0.061333
0 0.478375 0.348500 0.083250 0.056333
0 0.568250 0.356333 0.083000 0.042667
0 0.870000 0.415000 0.046000 0.049333
0 0.829875 0.416833 0.039750 0.048333
0 0.792875 0.416833 0.039750 0.048333
0 0.755750 0.416833 0.039500 0.048333
0 0.716750 0.416833 0.039500 0.048333
0 0.674750 0.417833 0.036500 0.045000
0 0.639625 0.416833 0.034250 0.045000
0 0.602375 0.417833 0.036250 0.048333
0 0.556625 0.419833 0.039750 0.048333
0 0.518500 0.422667 0.039500 0.048000
0 0.489125 0.427500 0.028750 0.041000
0 0.458000 0.425667 0.029500 0.042667
0 0.418750 0.422667 0.036500 0.048000
0 0.383625 0.422667 0.030250 0.048000
0 0.346625 0.425667 0.038250 0.040667
0 0.297625 0.427667 0.031750 0.040667
0 0.262625 0.427500 0.034250 0.041000
0 0.237125 0.425500 0.029750 0.037667
0 0.202000 0.425667 0.039000 0.039333
0 0.161125 0.427667 0.034250 0.037333
0 0.130625 0.428500 0.034250 0.041667
0 0.097625 0.429500 0.034250 0.041667
0 0.066250 0.431500 0.046000 0.041667
0 0.028125 0.433500 0.034250 0.041000
0 0.011750 0.432500 0.023500 0.040333
0 0.008750 0.362167 0.017000 0.041000
0 0.104375 0.359167 0.045750 0.037667
0 0.141375 0.358167 0.034250 0.037667
0 0.172750 0.358167 0.029500 0.037667
0 0.151750 0.214167 0.038000 0.066333
0 0.180250 0.215000 0.034500 0.067333
0 0.208125 0.212000 0.038250 0.071333
0 0.243500 0.211833 0.030000 0.067667
0 0.270375 0.212167 0.031750 0.067667
0 0.298125 0.210500 0.031750 0.069000
0 0.325875 0.211333 0.032750 0.071333
0 0.367625 0.207833 0.031750 0.069667
0 0.394875 0.206333 0.030250 0.070000
0 0.420750 0.204833 0.030000 0.072333
0 0.421750 0.267167 0.027500 0.056333
0 0.396000 0.268333 0.028500 0.056000
0 0.368750 0.268500 0.029500 0.055667
0 0.329500 0.270000 0.031000 0.054667
0 0.301000 0.270167 0.032000 0.055667
0 0.274375 0.271000 0.029750 0.054667
0 0.248000 0.270667 0.034500 0.056000
0 0.231500 0.275167 0.010500 0.048333
0 0.120375 0.268000 0.040250 0.070000
0 0.094125 0.268333 0.035250 0.070667
0 0.069125 0.269333 0.039750 0.068667
0 0.041250 0.270167 0.043000 0.069667
0 0.017250 0.272000 0.033500 0.069333
0 0.554750 0.255167 0.048500 0.075000
0 0.599875 0.254667 0.048250 0.073333
0 0.646375 0.251000 0.049250 0.079333
0 0.717125 0.269500 0.091750 0.040333
0 0.794000 0.244333 0.060000 0.089333
0 0.840000 0.243667 0.044500 0.087333
0 0.880500 0.243167 0.049500 0.087000
0 0.042000 0.516667 0.052000 0.048000
0 0.087250 0.515333 0.049000 0.049333
0 0.125250 0.519167 0.037500 0.070333
0 0.151500 0.512500 0.033500 0.083000
0 0.179625 0.515167 0.040250 0.077667
0 0.204500 0.518167 0.034000 0.071000
0 0.229250 0.517667 0.027000 0.072000
0 0.253125 0.513500 0.027750 0.061000
0 0.274500 0.510167 0.035000 0.067667
0 0.295875 0.512667 0.018250 0.062000
0 0.312375 0.507167 0.018250 0.062333
0 0.333875 0.515000 0.029750 0.074000
0 0.356125 0.516667 0.032250 0.070000
0 0.384125 0.512500 0.029750 0.079000
0 0.410125 0.514167 0.029750 0.074333
0 0.466625 0.493333 0.084250 0.045333
0 0.467125 0.533333 0.080250 0.038667
0 0.541375 0.497167 0.053750 0.047000
0 0.540875 0.534333 0.053750 0.031333
0 0.594000 0.532833 0.050500 0.032333
0 0.594000 0.496833 0.051500 0.044333
0 0.672375 0.524667 0.035750 0.047333
0 0.706750 0.524167 0.035500 0.047667
0 0.745375 0.517167 0.040750 0.060333
0 0.637500 0.524667 0.035500 0.047333
0 0.782500 0.522000 0.041500 0.051333
0 0.821875 0.521333 0.041750 0.050000
0 0.856750 0.520833 0.039000 0.049667
0 0.380250 0.586000 0.042500 0.046000
0 0.419500 0.585500 0.041500 0.045667
0 0.381750 0.627000 0.041500 0.038000
0 0.420625 0.626667 0.042250 0.038000
0 0.460125 0.627167 0.039250 0.036333
0 0.459250 0.585833 0.040000 0.043667
0 0.498750 0.584833 0.040500 0.043667
0 0.500125 0.626000 0.039750 0.038667
0 0.544125 0.621500 0.039750 0.035000
0 0.582500 0.621000 0.041500 0.035333
0 0.155125 0.628167 0.042250 0.039667
0 0.193125 0.629667 0.042750 0.036667
0 0.226750 0.629167 0.035500 0.037667
0 0.263875 0.629333 0.041250 0.036667
0 0.303000 0.626333 0.039000 0.033333
0 0.340000 0.626167 0.039000 0.033667
0 0.340000 0.587500 0.043000 0.046333
0 0.302250 0.588167 0.043000 0.045667
0 0.263375 0.590167 0.043750 0.043667
0 0.225125 0.588167 0.039750 0.045667
0 0.189625 0.588667 0.042750 0.046667
0 0.020500 0.593667 0.041000 0.040667
0 0.060000 0.595000 0.058000 0.045333
0 0.110500 0.593167 0.065500 0.041667
0 0.024875 0.630833 0.049750 0.039000
0 0.068875 0.631833 0.054250 0.033000
0 0.114875 0.630833 0.052750 0.034333
0 0.138875 0.628667 0.009750 0.038667
0 0.023875 0.682667 0.042250 0.042667
0 0.064375 0.682333 0.052250 0.044000
0 0.110500 0.681167 0.051000 0.042333
0 0.154875 0.679667 0.048250 0.040000
0 0.199125 0.680500 0.042250 0.041667
0 0.249250 0.681333 0.047500 0.043333
0 0.296625 0.680167 0.043750 0.040333
0 0.339875 0.680667 0.042250 0.042000
0 0.026250 0.719667 0.046000 0.035333
0 0.071750 0.719167 0.047500 0.033667
0 0.115625 0.718167 0.045250 0.033667
0 0.158750 0.718000 0.047500 0.040667
0 0.205000 0.718833 0.047000 0.037667
0 0.248875 0.717000 0.041750 0.033333
0 0.296625 0.716000 0.042750 0.035333
0 0.340875 0.716333 0.035750 0.033333
0 0.378625 0.711000 0.041750 0.043333
0 0.423625 0.677667 0.033250 0.039333
0 0.418500 0.712833 0.041000 0.033667
0 0.459125 0.677000 0.034750 0.040000
0 0.460500 0.713667 0.032000 0.036667
0 0.503000 0.697333 0.046500 0.078000
0 0.549000 0.696000 0.048000 0.076667
0 0.607375 0.680167 0.062250 0.049667
0 0.607875 0.715333 0.057250 0.031333
0 0.668500 0.680833 0.059500 0.048333
0 0.668500 0.717333 0.061500 0.027333
0 0.723875 0.692500 0.047750 0.076333
0 0.768250 0.692167 0.046500 0.075667
0 0.815500 0.691833 0.050500 0.073667
0 0.037625 0.793000 0.070250 0.052000
0 0.037625 0.833000 0.070250 0.034000
0 0.114625 0.832333 0.071750 0.030667
0 0.114625 0.801167 0.089750 0.035000
0 0.205375 0.794333 0.096750 0.048000
0 0.205625 0.832333 0.074250 0.029333
0 0.291500 0.831833 0.084500 0.029667
0 0.291500 0.794333 0.085000 0.050000
0 0.368375 0.815833 0.052250 0.069667
0 0.415500 0.815333 0.050000 0.068667
0 0.463125 0.815833 0.049250 0.069667
0 0.512000 0.799833 0.050000 0.037667
0 0.511875 0.834500 0.049750 0.033667
0 0.561375 0.800833 0.050750 0.039667
0 0.561875 0.834500 0.049750 0.031667
0 0.605750 0.791833 0.038000 0.047667
0 0.605750 0.832167 0.038000 0.036333
0 0.642000 0.830667 0.037500 0.037333
0 0.641625 0.791500 0.037750 0.047000
0 0.678125 0.791833 0.039250 0.047667
0 0.678625 0.831000 0.040250 0.037333
0 0.718000 0.808167 0.050000 0.080333
0 0.764375 0.808167 0.053750 0.080333
0 0.815250 0.810667 0.056500 0.084667
