0 0.172205 0.097961 0.145015 0.175538
0 0.314199 0.108154 0.138973 0.180068
0 0.434290 0.134202 0.128399 0.157418
0 0.562689 0.151755 0.137462 0.151755
0 0.679003 0.164779 0.122356 0.139298
0 0.779456 0.180634 0.114804 0.134768
0 0.873112 0.194790 0.108761 0.129105
0 0.949396 0.193658 0.101208 0.149490
0 0.924471 0.373160 0.084592 0.082673
0 0.860272 0.370895 0.116314 0.082673
0 0.762085 0.359570 0.095166 0.093998
0 0.662387 0.347678 0.101208 0.097395
0 0.578550 0.343148 0.087613 0.101925
0 0.489426 0.336353 0.129909 0.104190
0 0.382175 0.327293 0.114804 0.108720
0 0.270393 0.321065 0.114804 0.114383
0 0.164653 0.313703 0.138973 0.117780
0 0.166163 0.483012 0.145015 0.148358
0 0.303625 0.487542 0.138973 0.146093
0 0.418429 0.489807 0.132931 0.141563
0 0.535498 0.504530 0.122356 0.116648
0 0.637462 0.508494 0.126888 0.110985
0 0.743958 0.513590 0.122356 0.105323
0 0.946375 0.517554 0.101208 0.104190
0 0.173716 0.662514 0.148036 0.142695
0 0.281722 0.665345 0.131420 0.130238
0 0.392749 0.661948 0.129909 0.127973
0 0.517372 0.661948 0.125378 0.121178
0 0.614048 0.657984 0.122356 0.120045
0 0.716767 0.654587 0.110272 0.117780
0 0.810423 0.651755 0.110272 0.114383
0 0.901813 0.650057 0.108761 0.110985
0 0.952417 0.821065 0.086103 0.120045
0 0.883686 0.812571 0.108761 0.148358
0 0.793807 0.817101 0.128399 0.152888
0 0.701662 0.832956 0.113293 0.157418
0 0.603474 0.842582 0.119335 0.142695
0 0.512840 0.849943 0.113293 0.152888
0 0.402568 0.846546 0.125378 0.200453
0 0.281722 0.849943 0.131420 0.200453
0 0.146526 0.876557 0.151057 0.187995
0 0.846677 0.514723 0.110272 0.100793
