0 0.249750 0.246667 0.034500 0.058667
0 0.279000 0.247667 0.036000 0.056667
0 0.309250 0.247000 0.032500 0.056667
0 0.338750 0.247667 0.030500 0.055333
0 0.369750 0.247667 0.036500 0.055333
0 0.396250 0.247667 0.030500 0.055333
0 0.423500 0.247667 0.031000 0.056667
0 0.457750 0.242667 0.030500 0.066667
0 0.505500 0.244667 0.024000 0.066667
0 0.536750 0.249667 0.030500 0.058000
0 0.575000 0.249667 0.032000 0.062000
0 0.598500 0.249667 0.025000 0.060667
0 0.634500 0.231000 0.071000 0.095333
0 0.764500 0.231333 0.092000 0.030667
0 0.858250 0.258667 0.041500 0.049333
0 0.903250 0.254333 0.053500 0.052667
0 0.964000 0.349333 0.068000 0.052000
0 0.965750 0.386667 0.066500 0.050667
0 0.897250 0.386333 0.060500 0.047333
0 0.892250 0.351333 0.069500 0.049333
0 0.778250 0.377667 0.060500 0.066000
0 0.722500 0.376667 0.053000 0.066667
0 0.682250 0.370000 0.034500 0.076000
0 0.654000 0.370000 0.033000 0.072000
0 0.623750 0.370000 0.032500 0.072000
0 0.595250 0.370000 0.030500 0.072000
0 0.562250 0.370000 0.036500 0.070667
0 0.522250 0.372000 0.042500 0.070667
0 0.484250 0.372667 0.036500 0.069333
0 0.366000 0.368000 0.043000 0.070667
0 0.329750 0.365667 0.039500 0.068667
0 0.644500 0.506000 0.030000 0.048000
0 0.673750 0.506333 0.031500 0.047333
0 0.702500 0.507333 0.030000 0.046667
0 0.481500 0.456333 0.042000 0.051333
0 0.523000 0.461000 0.043000 0.058000
0 0.564750 0.457000 0.043500 0.051333
0 0.605750 0.457667 0.040500 0.051333
0 0.605750 0.506333 0.039500 0.047333
0 0.565500 0.506667 0.043000 0.048000
0 0.522750 0.509000 0.041500 0.040667
0 0.482500 0.505667 0.043000 0.048667
0 0.447250 0.498000 0.024500 0.041333
0 0.421000 0.497667 0.028000 0.039333
0 0.384250 0.504667 0.029500 0.046667
0 0.354750 0.505333 0.027500 0.044000
0 0.324000 0.501333 0.027000 0.029333
0 0.293250 0.501333 0.027500 0.029333
0 0.259500 0.506667 0.033000 0.037333
0 0.232500 0.506000 0.029000 0.037333
0 0.406500 0.354000 0.038000 0.038667
0 0.408000 0.390000 0.038000 0.033333
0 0.446500 0.390667 0.038000 0.033333
0 0.444750 0.354333 0.039500 0.039333
0 0.799750 0.469667 0.046500 0.050000
0 0.763250 0.465000 0.029500 0.043333
0 0.735250 0.466333 0.027500 0.043333
0 0.735750 0.510333 0.027500 0.043333
0 0.763750 0.509000 0.030500 0.046000
0 0.794750 0.511000 0.042500 0.040667
0 0.866250 0.467333 0.029500 0.045333
0 0.898000 0.509333 0.038000 0.046667
0 0.863250 0.509667 0.034500 0.046000
0 0.851000 0.512000 0.033000 0.041333
0 0.959500 0.506333 0.080000 0.046000
0 0.681750 0.596333 0.028500 0.072667
0 0.708750 0.596333 0.027500 0.072667
0 0.733750 0.596667 0.031500 0.073333
0 0.759750 0.597000 0.029500 0.074000
0 0.785250 0.597333 0.030500 0.074667
0 0.814750 0.597000 0.031500 0.074000
0 0.842000 0.598667 0.030000 0.070667
0 0.866750 0.599667 0.031500 0.070000
0 0.892250 0.599667 0.029500 0.070000
0 0.837000 0.467333 0.031000 0.049333
0 0.524500 0.610667 0.037000 0.041333
0 0.563750 0.611000 0.039500 0.042000
0 0.609500 0.610667 0.037000 0.041333
0 0.648750 0.611000 0.041500 0.042000
0 0.450500 0.588333 0.034000 0.030000
0 0.450500 0.617333 0.033000 0.024000
0 0.484250 0.618000 0.033500 0.025333
0 0.485500 0.587000 0.034000 0.030000
0 0.288250 0.601333 0.040500 0.042667
0 0.331500 0.601333 0.040000 0.042667
0 0.370500 0.601667 0.040000 0.043333
0 0.410750 0.605000 0.044500 0.050000
0 0.202000 0.562000 0.040000 0.045333
0 0.242250 0.564000 0.043500 0.049333
0 0.200750 0.605000 0.041500 0.044667
0 0.242250 0.605667 0.043500 0.044667
0 0.334250 0.674667 0.052500 0.046667
0 0.334250 0.714000 0.050500 0.042667
0 0.285250 0.713667 0.050500 0.042000
0 0.282750 0.673333 0.052500 0.044000
0 0.409500 0.716000 0.092000 0.042667
0 0.480500 0.714333 0.049000 0.039333
0 0.528500 0.714333 0.049000 0.039333
0 0.586750 0.707333 0.021500 0.040000
0 0.613000 0.707667 0.026000 0.040667
0 0.666000 0.716333 0.050000 0.047333
0 0.714000 0.718000 0.052000 0.044000
0 0.759750 0.718000 0.049500 0.048000
0 0.835500 0.723000 0.098000 0.047333
0 0.909250 0.714333 0.041500 0.058000
0 0.943000 0.714333 0.041000 0.062000
0 0.884000 0.814333 0.060000 0.098000
0 0.923750 0.797667 0.039500 0.084667
0 0.785000 0.814667 0.048000 0.076000
0 0.822000 0.797000 0.045000 0.082000
0 0.687500 0.815333 0.051000 0.077333
0 0.735000 0.813667 0.052000 0.074000
0 0.601750 0.842667 0.039500 0.049333
0 0.640500 0.843000 0.040000 0.050000
0 0.508000 0.824667 0.051000 0.074667
0 0.555750 0.824667 0.048500 0.074667
0 0.421000 0.799667 0.038000 0.056667
0 0.460000 0.792000 0.036000 0.041333
0 0.341250 0.844000 0.033500 0.040000
0 0.343000 0.808667 0.032000 0.030667
0 0.376250 0.815667 0.037500 0.044667
0 0.374500 0.851000 0.034000 0.027333
0 0.294000 0.796333 0.060000 0.042000
0 0.292250 0.835000 0.061500 0.046000
0 0.241500 0.786667 0.037000 0.052000
0 0.244250 0.834667 0.034500 0.048000
0 0.201250 0.833667 0.032500 0.040667
0 0.167000 0.838000 0.034000 0.049333
0 0.140750 0.819667 0.031500 0.047333
0 0.081500 0.813333 0.037000 0.046667
0 0.027000 0.784000 0.045000 0.048000
0 0.031250 0.834667 0.043500 0.049333
0 0.027500 0.710000 0.038000 0.048000
0 0.028750 0.657667 0.034500 0.043333
0 0.068500 0.658667 0.032000 0.045333
0 0.064250 0.712000 0.035500 0.050667
0 0.103000 0.706000 0.036000 0.046667
0 0.105750 0.658667 0.034500 0.044000
0 0.140250 0.655667 0.035500 0.039333
0 0.184750 0.658667 0.039500 0.041333
0 0.179000 0.710000 0.038000 0.053333
0 0.141250 0.706000 0.040500 0.053333
0 0.239500 0.704333 0.034000 0.054000
