0 0.342758 0.229415 0.137235 0.110615
0 0.438492 0.237227 0.109788 0.103919
0 0.849537 0.361235 0.051587 0.059276
0 0.808366 0.362227 0.040675 0.062252
0 0.771329 0.360243 0.053902 0.068204
0 0.726521 0.362227 0.050926 0.064236
0 0.678571 0.361235 0.057540 0.064236
0 0.616071 0.362227 0.057540 0.063740
0 0.568287 0.363095 0.057209 0.062500
0 0.569279 0.452133 0.077712 0.072421
0 0.638558 0.449157 0.074735 0.072421
0 0.701058 0.445312 0.065476 0.067708
0 0.750992 0.443328 0.061508 0.065724
0 0.792824 0.440352 0.052579 0.066220
0 0.836806 0.439360 0.052579 0.064236
0 0.825231 0.527158 0.077712 0.078125
0 0.762566 0.529142 0.065476 0.077629
0 0.711806 0.536086 0.066468 0.074653
0 0.649306 0.542907 0.077712 0.082341
0 0.566303 0.545759 0.078373 0.094990
0 0.397321 0.567336 0.099537 0.093006
0 0.318287 0.570312 0.114749 0.097470
0 0.208829 0.578993 0.114087 0.107887
0 0.125000 0.585813 0.108466 0.110615
0 0.328042 0.683408 0.108466 0.124256
0 0.426587 0.677703 0.105820 0.125744
0 0.523479 0.669891 0.105820 0.122024
0 0.609292 0.660094 0.088294 0.110863
0 0.686343 0.651290 0.084987 0.105655
0 0.754795 0.641493 0.081019 0.094990
0 0.815311 0.631696 0.085648 0.093254
0 0.381779 0.847470 0.091601 0.101190
0 0.432540 0.834945 0.099206 0.106399
0 0.597553 0.782118 0.099206 0.088046
0 0.675761 0.773438 0.051257 0.105903
0 0.731316 0.769345 0.099537 0.119544
0 0.797784 0.770461 0.068452 0.097966
0 0.842758 0.753844 0.053902 0.097966
0 0.213459 0.212922 0.129960 0.134177
0 0.086310 0.205109 0.150794 0.141369
0 0.013889 0.425471 0.017196 0.072173
0 0.089782 0.420139 0.137897 0.131448
0 0.212632 0.419767 0.130291 0.130704
0 0.320602 0.415799 0.153108 0.128224
0 0.437831 0.413938 0.118386 0.120040
0 0.121858 0.729043 0.137897 0.151538
0 0.226190 0.704737 0.115079 0.131200
0 0.141700 0.891245 0.139220 0.177331
0 0.237269 0.846726 0.110780 0.138889
