0 0.044884 0.454044 0.053615 0.047794
0 0.097580 0.410948 0.060355 0.050654
0 0.147212 0.411969 0.051777 0.048611
0 0.147212 0.458742 0.051777 0.045752
0 0.097426 0.456904 0.053922 0.045343
0 0.019608 0.523284 0.039216 0.039216
0 0.024203 0.564134 0.048407 0.042484
0 0.075061 0.565359 0.056373 0.045752
0 0.071232 0.522263 0.051777 0.043709
0 0.023284 0.628676 0.046569 0.042484
0 0.024203 0.665850 0.048407 0.043301
0 0.073070 0.630719 0.057292 0.044118
0 0.073070 0.666667 0.061581 0.041667
0 0.130668 0.626634 0.061581 0.039216
0 0.135570 0.665850 0.056679 0.037582
0 0.191330 0.661765 0.056679 0.040033
0 0.194240 0.630719 0.054534 0.035948
0 0.194087 0.558211 0.051777 0.060049
0 0.225337 0.556373 0.057292 0.064542
0 0.278186 0.556373 0.061887 0.064542
0 0.324142 0.553513 0.036765 0.068627
0 0.349571 0.553513 0.034314 0.068627
0 0.379749 0.553513 0.032782 0.066176
0 0.406097 0.553513 0.032169 0.066176
0 0.425705 0.553513 0.030331 0.065359
0 0.450980 0.553513 0.029412 0.065359
0 0.487132 0.553513 0.036765 0.064542
0 0.526195 0.551471 0.032169 0.068627
0 0.557445 0.551471 0.032169 0.068627
0 0.575980 0.553513 0.029412 0.062092
0 0.605239 0.553513 0.030331 0.058824
0 0.636642 0.553513 0.033701 0.059641
0 0.659161 0.553513 0.030331 0.058824
0 0.674632 0.553513 0.027574 0.062092
0 0.711857 0.553513 0.049326 0.060458
0 0.750766 0.553513 0.045650 0.058824
0 0.792892 0.553513 0.045956 0.056373
0 0.833946 0.553513 0.042892 0.056373
0 0.566483 0.346201 0.028186 0.052696
0 0.541360 0.345997 0.026348 0.051471
0 0.514859 0.345792 0.026042 0.048611
0 0.489430 0.344771 0.029105 0.048203
0 0.460478 0.344975 0.028799 0.042892
0 0.432292 0.335580 0.033701 0.060866
0 0.407016 0.340278 0.027880 0.048203
0 0.371630 0.334763 0.046569 0.056781
0 0.333640 0.335580 0.026348 0.049428
0 0.316023 0.334967 0.029105 0.048203
0 0.296569 0.328431 0.045956 0.061275
0 0.257353 0.328636 0.042892 0.056781
0 0.224877 0.326389 0.033701 0.057190
0 0.195312 0.328023 0.032782 0.049837
0 0.163603 0.325163 0.039828 0.051471
0 0.127911 0.324346 0.043811 0.050654
0 0.599724 0.324142 0.036458 0.040441
0 0.632966 0.326797 0.035539 0.040033
0 0.664675 0.329044 0.035846 0.040441
0 0.632966 0.360907 0.033701 0.033088
0 0.598958 0.358660 0.034314 0.032680
0 0.665441 0.363154 0.031250 0.032680
0 0.694700 0.360907 0.029105 0.040441
0 0.720129 0.362132 0.026042 0.041258
0 0.743566 0.364379 0.024510 0.040033
0 0.766238 0.366013 0.024510 0.040033
0 0.789675 0.325980 0.041973 0.046569
0 0.815870 0.328636 0.030637 0.046160
0 0.835784 0.329248 0.033701 0.045752
0 0.789216 0.367851 0.031250 0.037990
0 0.811581 0.368873 0.031250 0.040033
0 0.831495 0.370507 0.028186 0.038399
0 0.198836 0.454453 0.034926 0.059232
0 0.227941 0.455270 0.035539 0.058415
0 0.256434 0.455678 0.033701 0.058415
0 0.287684 0.456495 0.033701 0.055964
0 0.316176 0.457516 0.031250 0.055556
0 0.344669 0.458129 0.028799 0.055147
0 0.370251 0.458538 0.029718 0.055147
0 0.397672 0.460172 0.028799 0.054330
0 0.423866 0.460172 0.029105 0.055964
0 0.447917 0.460580 0.025123 0.055147
0 0.476409 0.462214 0.026961 0.055147
0 0.502757 0.462623 0.026961 0.055147
0 0.528339 0.462623 0.027880 0.055964
0 0.557445 0.463440 0.027880 0.055147
0 0.589308 0.458538 0.030944 0.064951
0 0.612745 0.458946 0.029412 0.065768
0 0.633425 0.460376 0.022978 0.065359
0 0.654565 0.461806 0.027880 0.064134
0 0.674786 0.462623 0.024816 0.064134
0 0.693781 0.463440 0.022978 0.062500
0 0.760723 0.469771 0.025123 0.052288
0 0.796875 0.470792 0.033701 0.051879
0 0.820466 0.470792 0.025735 0.053513
0 0.837776 0.471609 0.026042 0.051879
0 0.852175 0.472222 0.036458 0.053105
0 0.870864 0.474877 0.021140 0.048611
0 0.966912 0.482230 0.030025 0.038807
0 0.990349 0.482843 0.019301 0.039216
0 0.729013 0.463644 0.043811 0.063725
0 0.848499 0.327819 0.007659 0.039624
0 0.862286 0.332721 0.034620 0.046160
0 0.857230 0.372549 0.025123 0.037582
0 0.878370 0.373775 0.027574 0.037582
0 0.889246 0.334150 0.034620 0.046569
0 0.900429 0.375613 0.028799 0.036356
0 0.909161 0.336806 0.026042 0.043709
0 0.932751 0.349265 0.038909 0.035948
0 0.927237 0.381127 0.032782 0.029412
0 0.959865 0.383374 0.036152 0.029003
0 0.965686 0.351920 0.036765 0.036356
0 0.881127 0.544730 0.050245 0.029820
0 0.876991 0.572712 0.041973 0.027778
0 0.922794 0.571691 0.049020 0.028186
0 0.926777 0.544526 0.053309 0.029412
0 0.723958 0.618464 0.025735 0.039216
0 0.748775 0.618464 0.030025 0.040033
0 0.775276 0.618464 0.028493 0.039216
0 0.798254 0.620098 0.024816 0.039216
0 0.822610 0.618464 0.025735 0.039216
0 0.846201 0.620507 0.026961 0.040033
0 0.880055 0.618464 0.029105 0.039216
0 0.907322 0.613766 0.034620 0.038807
0 0.938572 0.613358 0.033395 0.037990
0 0.966146 0.615400 0.037071 0.039624
0 0.990962 0.615400 0.017463 0.037173
0 0.984681 0.647263 0.028186 0.028186
0 0.960784 0.647467 0.034314 0.030229
0 0.934896 0.647263 0.030331 0.033088
0 0.904105 0.648489 0.035539 0.033088
0 0.874847 0.651757 0.027880 0.029003
0 0.840227 0.652369 0.022365 0.028595
0 0.821232 0.651757 0.027880 0.029003
0 0.793045 0.652165 0.024203 0.028186
0 0.244332 0.625817 0.047488 0.046569
0 0.285999 0.625408 0.049326 0.046569
0 0.329504 0.622958 0.038297 0.044118
0 0.371324 0.623366 0.044118 0.044935
0 0.412531 0.622345 0.043811 0.045343
0 0.450368 0.620711 0.041054 0.043709
0 0.490043 0.620098 0.038297 0.041667
0 0.578891 0.619485 0.049326 0.043709
0 0.641544 0.619690 0.044118 0.044118
0 0.608609 0.617851 0.034620 0.042075
0 0.671262 0.618464 0.027574 0.042484
0 0.697763 0.619690 0.025429 0.035948
0 0.698529 0.654820 0.024510 0.034314
0 0.670343 0.654820 0.024510 0.035131
0 0.645067 0.657475 0.030331 0.037173
0 0.608609 0.656658 0.032169 0.038807
0 0.576900 0.657475 0.032475 0.036356
0 0.529871 0.655025 0.034620 0.042075
0 0.490502 0.657475 0.039216 0.036356
0 0.246630 0.667484 0.042892 0.039216
0 0.287224 0.666258 0.039522 0.038399
0 0.328738 0.663807 0.035539 0.039216
0 0.369332 0.662786 0.035846 0.038807
0 0.410692 0.665237 0.037071 0.043709
0 0.449295 0.663807 0.033395 0.040850
0 0.185049 0.773080 0.053922 0.030637
0 0.185968 0.738358 0.053922 0.046977
0 0.184896 0.708742 0.048713 0.022876
0 0.231311 0.708742 0.046569 0.025327
0 0.234528 0.738358 0.049939 0.038807
0 0.234528 0.772672 0.047488 0.031454
0 0.283548 0.770833 0.048713 0.035948
0 0.284926 0.735498 0.050245 0.042075
0 0.280025 0.706699 0.053922 0.022059
0 0.334099 0.765523 0.051164 0.046569
0 0.378523 0.770629 0.046875 0.034722
0 0.378523 0.734273 0.048713 0.044526
0 0.378523 0.703636 0.045650 0.021650
0 0.428002 0.768791 0.044730 0.033497
0 0.428002 0.734069 0.047181 0.039216
0 0.428002 0.703636 0.044118 0.023284
0 0.494332 0.763276 0.087316 0.035539
0 0.494792 0.731413 0.089461 0.037173
0 0.494792 0.704453 0.090686 0.024918
0 0.666054 0.695057 0.077819 0.024101
0 0.665441 0.721814 0.076593 0.037582
0 0.662071 0.751430 0.069853 0.032271
0 0.734835 0.749183 0.065257 0.032680
0 0.734222 0.722222 0.067708 0.034314
0 0.736673 0.695261 0.062806 0.029412
0 0.795496 0.693219 0.057904 0.025327
0 0.795190 0.719363 0.060355 0.030229
0 0.794118 0.745915 0.061275 0.028595
0 0.853401 0.727328 0.040748 0.055147
0 0.887102 0.725490 0.042586 0.056373
0 0.920190 0.722835 0.046262 0.056781
0 0.957414 0.720792 0.044118 0.054330
0 0.985447 0.720180 0.028493 0.053105
0 0.014553 0.753064 0.029105 0.034722
0 0.049786 0.753676 0.050551 0.035948
0 0.055760 0.784926 0.043505 0.036356
0 0.019455 0.787173 0.038909 0.035948
0 0.093444 0.751430 0.047181 0.031454
0 0.098805 0.782884 0.045650 0.036356
0 0.136336 0.781658 0.039828 0.035539
0 0.134344 0.749592 0.043199 0.027778
0 0.194853 0.887051 0.052083 0.074755
0 0.143689 0.887051 0.055147 0.074755
0 0.091146 0.890931 0.057292 0.083333
0 0.043505 0.890931 0.055147 0.083333
0 0.249234 0.877042 0.053002 0.085784
0 0.294577 0.877247 0.048713 0.083742
0 0.341759 0.870915 0.049939 0.077614
0 0.386489 0.868873 0.045037 0.073529
0 0.455882 0.878064 0.069853 0.024101
0 0.456648 0.845792 0.089767 0.046160
0 0.455882 0.818423 0.088235 0.052696
0 0.548560 0.810253 0.090380 0.036356
0 0.546109 0.843137 0.087316 0.038399
0 0.545496 0.871936 0.065870 0.032271
0 0.630668 0.806781 0.079350 0.029412
0 0.631281 0.834559 0.081189 0.038399
0 0.630362 0.864788 0.067096 0.031046
0 0.716759 0.799837 0.081801 0.041667
0 0.716299 0.828227 0.080882 0.034722
0 0.713388 0.854779 0.075061 0.029820
0 0.783395 0.848039 0.072917 0.039216
0 0.788450 0.817606 0.073223 0.044526
0 0.786918 0.791462 0.076900 0.024918
0 0.581495 0.718750 0.079044 0.046977
0 0.581495 0.756944 0.077819 0.033497
0 0.848958 0.812704 0.044118 0.038807
0 0.880055 0.831087 0.037071 0.042892
0 0.845282 0.843342 0.037377 0.026552
0 0.922335 0.817810 0.045037 0.066993
0 0.911612 0.434436 0.037071 0.044526
0 0.946691 0.439542 0.026348 0.033497
0 0.971814 0.440768 0.031863 0.041667
0 0.903186 0.478350 0.035539 0.046569
0 0.935968 0.483660 0.028799 0.047386
0 0.962316 0.560662 0.030025 0.052696
0 0.989583 0.566176 0.020833 0.058824
