0 0.070278 0.100392 0.137628 0.117647
0 0.236457 0.092549 0.229868 0.138039
0 0.475842 0.090588 0.204978 0.145098
0 0.662518 0.097647 0.183016 0.129412
0 0.930454 0.239608 0.139092 0.096471
0 0.792826 0.243529 0.136164 0.093333
0 0.659590 0.251373 0.124451 0.083922
0 0.531479 0.250196 0.140556 0.083137
0 0.401171 0.253333 0.125915 0.078431
0 0.259883 0.247451 0.150805 0.088627
0 0.121523 0.247451 0.143485 0.090196
0 0.140556 0.389412 0.152269 0.110588
0 0.283309 0.390588 0.144949 0.109804
0 0.431918 0.389412 0.155198 0.110588
0 0.581259 0.387451 0.155198 0.112941
0 0.728404 0.382745 0.171303 0.120784
0 0.643485 0.538824 0.144949 0.117647
0 0.497804 0.533725 0.152269 0.123137
0 0.336750 0.533725 0.169839 0.126275
0 0.155930 0.535686 0.180088 0.125490
0 0.092972 0.751373 0.183016 0.153725
0 0.303807 0.742353 0.218155 0.182745
0 0.525622 0.742353 0.213763 0.157647
0 0.897511 0.927843 0.184480 0.141176
0 0.762811 0.938824 0.149341 0.122353
0 0.629575 0.920784 0.184480 0.134902
0 0.442899 0.914118 0.247438 0.141961
0 0.259883 0.903137 0.247438 0.102745
0 0.709370 0.680392 0.183016 0.099608
0 0.716691 0.780784 0.180088 0.098039
0 0.899707 0.775686 0.177160 0.092549
0 0.890190 0.673333 0.166911 0.113725
0 0.908492 0.541176 0.121523 0.117647
0 0.784041 0.542745 0.124451 0.119216
