0 0.050375 0.236000 0.064750 0.096000
0 0.108000 0.237000 0.072500 0.094000
0 0.202750 0.233167 0.079000 0.099667
0 0.266125 0.237000 0.035250 0.087333
0 0.299250 0.236000 0.053000 0.090667
0 0.347250 0.236000 0.044000 0.084667
0 0.392000 0.235000 0.051000 0.089333
0 0.539625 0.234000 0.023250 0.084667
0 0.590250 0.233167 0.059000 0.088333
0 0.631375 0.246667 0.044250 0.060667
0 0.691875 0.257500 0.047250 0.035667
0 0.751500 0.240833 0.047000 0.072333
0 0.789500 0.240833 0.042000 0.070333
0 0.986125 0.342500 0.027750 0.070333
0 0.951750 0.342500 0.047000 0.070333
0 0.898000 0.343333 0.037500 0.066000
0 0.866750 0.342500 0.044000 0.070333
0 0.825750 0.340500 0.047000 0.072333
0 0.739750 0.342500 0.047000 0.073667
0 0.699750 0.343500 0.038000 0.068333
0 0.662625 0.345333 0.037750 0.068000
0 0.622500 0.345333 0.043500 0.068000
0 0.583500 0.345333 0.038000 0.070667
0 0.542500 0.345500 0.040000 0.072333
0 0.502500 0.347333 0.038000 0.068000
0 0.462375 0.347333 0.037750 0.068000
0 0.421375 0.347333 0.037750 0.067333
0 0.382375 0.348333 0.037750 0.067333
0 0.340375 0.348333 0.041750 0.068000
0 0.299375 0.348333 0.040250 0.068000
0 0.263250 0.348333 0.038000 0.068000
0 0.223125 0.349333 0.044250 0.070667
0 0.181125 0.348333 0.050750 0.070667
0 0.128375 0.349167 0.054750 0.072333
0 0.065000 0.349333 0.080000 0.070667
0 0.035625 0.466500 0.064750 0.079000
0 0.096125 0.462667 0.063750 0.090667
0 0.147000 0.460500 0.053000 0.088333
0 0.202625 0.461667 0.054250 0.084667
0 0.239750 0.461667 0.030500 0.090000
0 0.279750 0.460667 0.052000 0.084667
0 0.335500 0.459667 0.053000 0.088000
0 0.387250 0.460667 0.051000 0.084667
0 0.438000 0.459667 0.047000 0.084667
0 0.487750 0.459667 0.047000 0.084667
0 0.537625 0.459667 0.044250 0.084667
0 0.579625 0.458667 0.044250 0.081333
0 0.619625 0.457667 0.044250 0.083333
0 0.658750 0.457667 0.044000 0.082000
0 0.700750 0.456667 0.044000 0.084667
0 0.789500 0.454833 0.052000 0.085000
0 0.838500 0.453833 0.052000 0.088333
0 0.885250 0.451833 0.052000 0.088333
0 0.931250 0.451833 0.053000 0.088333
0 0.972250 0.450833 0.047000 0.090333
0 0.897250 0.572000 0.054500 0.084667
0 0.834375 0.576833 0.067750 0.091000
0 0.773875 0.578833 0.067750 0.088333
0 0.715375 0.574833 0.061750 0.088333
0 0.662625 0.576833 0.058750 0.082333
0 0.605875 0.578833 0.067750 0.085000
0 0.532625 0.573833 0.061750 0.101667
0 0.479000 0.573833 0.054000 0.101667
0 0.421375 0.574833 0.058750 0.101667
0 0.356000 0.576833 0.072000 0.101667
0 0.303250 0.577833 0.061000 0.099000
0 0.248500 0.577833 0.061000 0.101667
0 0.197750 0.578833 0.053000 0.097000
0 0.142125 0.581833 0.061750 0.097000
0 0.085500 0.583667 0.061000 0.096000
0 0.032750 0.585500 0.065000 0.096333
0 0.012375 0.712500 0.024750 0.097667
0 0.053250 0.705833 0.061000 0.105000
0 0.394125 0.701833 0.061750 0.104333
0 0.560000 0.699833 0.052000 0.097000
0 0.789625 0.705833 0.063750 0.093667
0 0.848125 0.705833 0.061750 0.097000
0 0.898000 0.700833 0.064000 0.093667
0 0.952750 0.697833 0.033500 0.093667
0 0.848125 0.810333 0.054750 0.079333
0 0.782750 0.848333 0.069500 0.104000
0 0.743625 0.846333 0.054750 0.084667
0 0.830500 0.867833 0.079000 0.104333
0 0.587375 0.843333 0.066750 0.079333
0 0.528875 0.843500 0.061750 0.071000
0 0.480000 0.847333 0.053000 0.088000
0 0.392125 0.843333 0.061750 0.064667
0 0.336500 0.846333 0.061000 0.082000
0 0.291500 0.846333 0.079000 0.084667
0 0.429125 0.825833 0.054750 0.102333
0 0.106000 0.782833 0.062500 0.029000
0 0.043500 0.856167 0.069500 0.141000
0 0.098125 0.848333 0.069750 0.120000
0 0.158750 0.843500 0.069500 0.141000
0 0.220250 0.848333 0.069500 0.130667
0 0.043500 0.782833 0.087000 0.018333
0 0.009250 0.903167 0.018000 0.045667
0 0.116750 0.705667 0.069500 0.110000
0 0.173375 0.700833 0.061750 0.113000
0 0.228125 0.701000 0.061750 0.110000
0 0.279750 0.701000 0.069500 0.110000
0 0.340375 0.701000 0.061750 0.110000
0 0.443750 0.700833 0.053000 0.105000
0 0.502375 0.700833 0.061750 0.101667
0 0.615750 0.700833 0.058000 0.104333
0 0.672375 0.700833 0.057750 0.101667
0 0.725125 0.697833 0.061750 0.104333
0 0.898000 0.828667 0.078500 0.120000
0 0.950750 0.573500 0.057000 0.103000
