0 0.029350 0.099926 0.058700 0.118431
0 0.090846 0.110289 0.083857 0.113990
0 0.145003 0.104737 0.052411 0.113249
0 0.239343 0.100296 0.069182 0.120651
0 0.343466 0.099186 0.059399 0.118431
0 0.471349 0.100666 0.060797 0.118431
0 0.539832 0.081051 0.081761 0.154700
0 0.610063 0.096595 0.078267 0.126573
0 0.706848 0.118431 0.088749 0.088823
0 0.858141 0.119911 0.078267 0.088823
0 0.923131 0.140637 0.060098 0.042931
0 0.982879 0.132494 0.034242 0.059215
0 0.956674 0.259808 0.036338 0.097705
0 0.920335 0.257217 0.046122 0.108808
0 0.871069 0.265729 0.042628 0.091784
0 0.832635 0.268320 0.038435 0.088083
0 0.693222 0.280903 0.034941 0.068838
0 0.657233 0.283494 0.039832 0.068098
0 0.614605 0.286454 0.035639 0.062176
0 0.571628 0.276832 0.043326 0.084382
0 0.521314 0.275352 0.046122 0.084382
0 0.462614 0.262768 0.069881 0.111029
0 0.391335 0.262768 0.072676 0.113990
0 0.323899 0.265729 0.073375 0.118431
0 0.187980 0.268320 0.057303 0.113249
0 0.125087 0.265729 0.069881 0.121392
0 0.062544 0.265729 0.073375 0.122872
0 0.143955 0.430792 0.054507 0.108068
0 0.093641 0.432272 0.067086 0.113990
0 0.207897 0.565507 0.062194 0.094745
0 0.278826 0.562546 0.053110 0.094745
0 0.325646 0.558475 0.051712 0.094004
0 0.370021 0.552924 0.049616 0.094745
0 0.417890 0.555514 0.046122 0.091044
0 0.462264 0.551443 0.044025 0.094745
0 0.651293 0.571058 0.067086 0.046632
0 0.761006 0.547372 0.053110 0.080681
0 0.143955 0.559956 0.069881 0.110289
0 0.505940 0.547372 0.046122 0.088083
0 0.574423 0.547372 0.069881 0.085122
0 0.862334 0.848261 0.051712 0.084382
0 0.815164 0.836047 0.045423 0.055514
0 0.744235 0.863805 0.046122 0.085862
0 0.689378 0.883790 0.062194 0.057735
0 0.623690 0.896743 0.066387 0.071799
0 0.559748 0.779423 0.040531 0.059215
0 0.606918 0.774981 0.039832 0.059215
0 0.650943 0.768320 0.044025 0.062176
0 0.692173 0.767950 0.044025 0.055514
0 0.740741 0.758327 0.046122 0.064397
0 0.779874 0.758327 0.043326 0.059956
0 0.816212 0.757217 0.040531 0.059215
0 0.854647 0.757217 0.046122 0.053294
0 0.855346 0.669504 0.051712 0.076240
0 0.891684 0.663953 0.046122 0.076980
0 0.478686 0.696891 0.046122 0.062916
0 0.429071 0.691710 0.057303 0.070318
0 0.355346 0.684678 0.060797 0.105107
0 0.296296 0.684678 0.053110 0.105107
0 0.244235 0.687639 0.049616 0.097705
0 0.191125 0.691710 0.053809 0.098446
0 0.143955 0.691710 0.050314 0.098446
0 0.469252 0.830496 0.045423 0.091784
0 0.421384 0.830496 0.046122 0.087343
0 0.374913 0.831976 0.049616 0.084382
0 0.338574 0.833457 0.044025 0.084382
0 0.293501 0.823464 0.043326 0.080681
0 0.251223 0.827905 0.052411 0.085122
0 0.175402 0.824944 0.057303 0.085122
0 0.213836 0.822354 0.043326 0.084382
0 0.343466 0.919319 0.045423 0.066617
0 0.386443 0.916358 0.046122 0.066617
0 0.426974 0.913768 0.039133 0.059956
0 0.469252 0.917839 0.039832 0.053294
0 0.787212 0.124352 0.076171 0.071058
0 0.787212 0.062176 0.076171 0.068098
0 0.730608 0.280533 0.034242 0.069578
0 0.758910 0.282383 0.027952 0.065877
0 0.704752 0.391192 0.066387 0.062916
0 0.701957 0.444115 0.060797 0.048853
0 0.767296 0.444115 0.076869 0.048853
0 0.764500 0.390452 0.092243 0.062916
0 0.841370 0.388601 0.074074 0.059215
0 0.832984 0.441895 0.072676 0.048853
0 0.893082 0.423760 0.046122 0.067358
0 0.929769 0.422650 0.042628 0.066617
0 0.565339 0.433753 0.039133 0.078460
0 0.601677 0.433013 0.037736 0.078460
0 0.642558 0.433013 0.046820 0.076980
0 0.217680 0.424500 0.032844 0.077720
0 0.254368 0.419689 0.058700 0.096225
0 0.307128 0.421170 0.055206 0.093264
0 0.346261 0.418949 0.032844 0.081421
0 0.421034 0.429682 0.052411 0.102887
0 0.470650 0.426721 0.052411 0.105848
0 0.521314 0.425611 0.048917 0.103627
0 0.899371 0.534419 0.067086 0.038490
0 0.896226 0.568468 0.060797 0.032568
0 0.823550 0.570318 0.071978 0.031828
0 0.827393 0.535159 0.072676 0.038490
0 0.806429 0.647298 0.044724 0.043671
0 0.757512 0.690600 0.047519 0.034049
0 0.800140 0.689489 0.043326 0.033309
0 0.701607 0.698372 0.067086 0.033309
0 0.761356 0.649519 0.044025 0.040711
0 0.703354 0.666543 0.066387 0.037750
0 0.529700 0.665803 0.047519 0.046632
0 0.575821 0.665063 0.047519 0.045152
0 0.530049 0.707994 0.044025 0.031828
0 0.574773 0.705033 0.045423 0.033309
0 0.630328 0.703553 0.062893 0.030348
0 0.632774 0.672465 0.064990 0.037750
0 0.286164 0.907476 0.037037 0.063657
0 0.250524 0.915988 0.042628 0.068838
0 0.208945 0.915248 0.041929 0.068838
0 0.171209 0.914878 0.029350 0.062176
