0 0.054398 0.066964 0.079696 0.094742
0 0.126819 0.071801 0.075066 0.090526
0 0.202877 0.073785 0.090278 0.099454
0 0.287864 0.079737 0.079696 0.093502
0 0.368882 0.086558 0.082341 0.088294
0 0.434358 0.098338 0.060516 0.075645
0 0.490079 0.102183 0.062831 0.072917
0 0.550595 0.106027 0.063492 0.073661
0 0.613261 0.105035 0.079696 0.083085
0 0.686343 0.109995 0.074405 0.082093
0 0.750827 0.119668 0.071759 0.075149
0 0.813327 0.124628 0.071759 0.074157
0 0.938327 0.127480 0.063161 0.081845
0 0.479332 0.885417 0.085648 0.079365
0 0.394345 0.898065 0.090278 0.067956
0 0.302579 0.909846 0.096561 0.072173
0 0.577050 0.800471 0.078042 0.046875
0 0.222388 0.733011 0.114087 0.077629
0 0.013558 0.980035 0.027116 0.037450
0 0.556548 0.626612 0.083333 0.052827
0 0.465608 0.633805 0.098545 0.055804
0 0.379795 0.631448 0.080357 0.063492
0 0.313327 0.635293 0.075066 0.063244
0 0.241071 0.642237 0.078704 0.065724
0 0.155093 0.639261 0.096561 0.070188
0 0.626488 0.387029 0.056548 0.082589
0 0.572421 0.383433 0.053571 0.081845
0 0.518022 0.385913 0.052579 0.091270
0 0.462632 0.383185 0.058862 0.085813
0 0.377480 0.336062 0.113426 0.070437
0 0.380952 0.395089 0.112434 0.052579
0 0.061839 0.645461 0.103175 0.067212
0 0.336640 0.715030 0.099868 0.036210
0 0.331019 0.749752 0.092593 0.033234
0 0.433532 0.709573 0.095899 0.033234
0 0.419808 0.740575 0.113426 0.031746
0 0.519180 0.735987 0.095899 0.025546
0 0.517692 0.701389 0.098876 0.030754
0 0.597057 0.713542 0.080357 0.070437
0 0.509259 0.493924 0.090608 0.116815
0 0.586475 0.499628 0.084325 0.098958
0 0.596892 0.233879 0.090608 0.112103
0 0.505622 0.227307 0.079365 0.112847
0 0.030754 0.228175 0.057540 0.077381
0 0.047288 0.355903 0.093915 0.128472
0 0.148148 0.357143 0.115079 0.125000
0 0.252480 0.357763 0.105489 0.124256
0 0.049107 0.501984 0.097553 0.130456
0 0.152778 0.501116 0.103175 0.122768
0 0.248347 0.498636 0.096561 0.120288
0 0.104001 0.200397 0.093585 0.126984
0 0.186012 0.206597 0.084325 0.119544
0 0.268684 0.207465 0.083003 0.123760
0 0.348545 0.213666 0.077381 0.118800
0 0.423446 0.212922 0.073082 0.125248
0 0.496362 0.788318 0.080688 0.028522
0 0.497189 0.817088 0.086310 0.027034
