0 0.538814 0.192130 0.087550 0.171296
0 0.607267 0.198909 0.087550 0.162368
0 0.784846 0.230159 0.073165 0.126984
0 0.828869 0.237103 0.065476 0.120370
0 0.873760 0.239087 0.067460 0.120370
0 0.911830 0.240741 0.063244 0.120370
0 0.943204 0.241733 0.061012 0.123016
0 0.972966 0.258763 0.054067 0.092923
0 0.289807 0.389385 0.109375 0.164352
0 0.374752 0.392361 0.101190 0.157738
0 0.449033 0.386409 0.089534 0.157077
0 0.520213 0.395172 0.083085 0.138889
0 0.567212 0.396164 0.071925 0.131614
0 0.616939 0.398148 0.075149 0.124339
0 0.659970 0.399140 0.065972 0.115079
0 0.701885 0.400132 0.065476 0.111111
0 0.744792 0.399140 0.061012 0.111111
0 0.783978 0.398148 0.061012 0.106481
0 0.818080 0.399140 0.056796 0.106481
0 0.856275 0.397156 0.062252 0.102513
0 0.888517 0.397156 0.054315 0.100529
0 0.691096 0.561177 0.075149 0.127646
0 0.643353 0.570933 0.065972 0.127976
0 0.589658 0.574901 0.079117 0.137235
0 0.528150 0.578869 0.087550 0.146495
0 0.452877 0.584656 0.094246 0.152116
0 0.376736 0.596396 0.101190 0.162368
0 0.437252 0.945602 0.102679 0.108796
0 0.505704 0.937996 0.101190 0.124008
0 0.691096 0.708664 0.070188 0.137566
0 0.639385 0.712632 0.076885 0.146164
0 0.581845 0.723380 0.082837 0.139220
0 0.510541 0.737930 0.094990 0.170966
0 0.443080 0.737930 0.083085 0.146495
0 0.376736 0.778935 0.101190 0.181548
0 0.402158 0.891369 0.085565 0.100860
0 0.372892 0.956680 0.108879 0.086640
0 0.735987 0.719411 0.058780 0.100860
0 0.767237 0.708664 0.058780 0.101190
0 0.795635 0.704861 0.053075 0.094907
0 0.069072 0.116237 0.137649 0.230489
0 0.178199 0.121693 0.133681 0.242063
0 0.282118 0.148479 0.112847 0.210317
0 0.378596 0.158234 0.114831 0.202712
0 0.466642 0.172784 0.099454 0.190807
0 0.732019 0.207672 0.078621 0.162698
0 0.759425 0.226687 0.023313 0.124008
0 0.671131 0.197255 0.083333 0.168981
0 0.075893 0.379299 0.141865 0.191799
0 0.187996 0.385251 0.119544 0.170635
0 0.092882 0.612103 0.131200 0.212963
0 0.197173 0.599041 0.113591 0.204034
0 0.283358 0.579861 0.101438 0.190146
0 0.104787 0.838790 0.116319 0.166336
0 0.202753 0.817956 0.102927 0.186177
0 0.288070 0.798446 0.091022 0.171627
0 0.571801 0.914517 0.082093 0.170966
0 0.620660 0.911045 0.084077 0.177910
0 0.538070 0.947090 0.014633 0.105820
0 0.685268 0.910880 0.049107 0.124669
0 0.721602 0.897321 0.061756 0.125992
0 0.740203 0.601687 0.045387 0.095569
0 0.782118 0.592097 0.057788 0.102844
0 0.812624 0.589451 0.036954 0.097553
0 0.840526 0.580853 0.031746 0.047288
0 0.862227 0.609623 0.031994 0.036045
0 0.883929 0.606316 0.025298 0.035384
0 0.901290 0.603671 0.027778 0.034722
0 0.901786 0.574074 0.028274 0.039021
0 0.884301 0.576224 0.027034 0.039352
0 0.868428 0.578704 0.033978 0.046958
0 0.840402 0.612103 0.031002 0.037698
0 0.745536 0.493056 0.046627 0.074074
0 0.778646 0.492560 0.044395 0.073743
0 0.807044 0.490575 0.041171 0.071759
0 0.835441 0.488922 0.038442 0.067791
0 0.863095 0.487434 0.039187 0.064815
0 0.891865 0.486276 0.039683 0.063161
0 0.916543 0.484788 0.032986 0.060185
0 0.739087 0.818452 0.104167 0.072090
0 0.787946 0.793981 0.095238 0.076058
0 0.853919 0.785549 0.087798 0.086971
0 0.961062 0.572917 0.046627 0.043981
0 0.957217 0.615079 0.042907 0.038360
0 0.945188 0.694775 0.031250 0.083333
0 0.910466 0.694279 0.030754 0.081019
0 0.967882 0.766865 0.063244 0.052249
0 0.970610 0.823247 0.058780 0.045966
0 0.910838 0.830192 0.034970 0.081019
0 0.943328 0.481481 0.014137 0.051587
0 0.963294 0.478175 0.018353 0.044974
0 0.982515 0.474372 0.016617 0.046627
0 0.980283 0.518684 0.016617 0.032738
0 0.958705 0.524140 0.016617 0.038360
0 0.938492 0.522817 0.015377 0.034392
0 0.956349 0.334821 0.020337 0.045966
0 0.981523 0.339616 0.014633 0.044312
0 0.986235 0.252480 0.019097 0.094246
0 0.981771 0.663029 0.031994 0.041005
0 0.979787 0.701389 0.024554 0.037698
0 0.924231 0.395999 0.037450 0.073743
0 0.953993 0.412202 0.029514 0.056548
0 0.985987 0.419478 0.027034 0.049934
