0 0.365125 0.238167 0.036750 0.064333
0 0.399250 0.239000 0.036500 0.066667
0 0.437375 0.237167 0.036750 0.066333
0 0.474500 0.236167 0.032500 0.066333
0 0.505750 0.234333 0.032500 0.070667
0 0.540875 0.238000 0.032250 0.060000
0 0.573125 0.227333 0.034250 0.076000
0 0.607375 0.225500 0.034250 0.076333
0 0.722500 0.172667 0.063500 0.038000
0 0.722500 0.223500 0.066500 0.066333
0 0.786875 0.223500 0.069750 0.066333
0 0.788000 0.163833 0.073000 0.054333
0 0.855375 0.126833 0.061750 0.054333
0 0.851500 0.206833 0.066500 0.083000
0 0.934250 0.166833 0.104000 0.060333
0 0.925625 0.223500 0.097750 0.054333
0 0.935500 0.507500 0.060500 0.089000
0 0.880750 0.506667 0.060500 0.092667
0 0.804625 0.524167 0.045750 0.059000
0 0.767500 0.524333 0.037000 0.056667
0 0.733250 0.524333 0.040000 0.056667
0 0.702000 0.527167 0.031500 0.053000
0 0.662000 0.528167 0.038000 0.050333
0 0.620000 0.527167 0.037500 0.048333
0 0.575125 0.529000 0.045750 0.048000
0 0.530125 0.529000 0.045750 0.048000
0 0.478375 0.529000 0.043250 0.048000
0 0.431500 0.530167 0.046000 0.045000
0 0.380750 0.530167 0.046000 0.044333
0 0.336750 0.529167 0.041000 0.044333
0 0.338500 0.477000 0.048000 0.054000
0 0.382250 0.477833 0.047500 0.055667
0 0.429375 0.477667 0.049250 0.056000
0 0.478500 0.477000 0.050500 0.056667
0 0.526500 0.476667 0.046500 0.058000
0 0.575375 0.476333 0.051250 0.058667
0 0.621250 0.475500 0.035000 0.052333
0 0.661875 0.475833 0.038250 0.051667
0 0.699750 0.476333 0.038000 0.052667
0 0.660875 0.646000 0.060750 0.074667
0 0.713875 0.647000 0.071750 0.076667
0 0.777250 0.647833 0.082500 0.077667
0 0.830625 0.648667 0.048750 0.079333
0 0.861250 0.649167 0.036500 0.081000
0 0.899500 0.649500 0.047000 0.081667
0 0.802500 0.617167 0.023000 0.017000
0 0.570250 0.640500 0.029000 0.081000
0 0.542625 0.640167 0.031250 0.080333
0 0.355125 0.643833 0.022250 0.041000
0 0.369125 0.644667 0.049750 0.042667
0 0.415500 0.651333 0.047000 0.052000
0 0.457750 0.651833 0.042500 0.053667
0 0.501750 0.652500 0.048500 0.053667
0 0.107875 0.654167 0.040750 0.033667
0 0.137375 0.654167 0.031750 0.033667
0 0.163750 0.649833 0.033500 0.025000
0 0.190875 0.650167 0.036750 0.025667
0 0.227375 0.650333 0.032750 0.026000
0 0.255750 0.650667 0.033500 0.026667
0 0.171250 0.732833 0.058000 0.093667
0 0.210500 0.738333 0.046500 0.088000
0 0.254500 0.720667 0.055500 0.052000
0 0.254875 0.764667 0.043250 0.037333
0 0.294500 0.760167 0.045000 0.049667
0 0.298125 0.713833 0.037250 0.038333
0 0.340000 0.723833 0.054500 0.046333
0 0.343875 0.767167 0.055250 0.043667
0 0.389125 0.727500 0.053250 0.053667
0 0.395125 0.771333 0.052250 0.040000
0 0.441875 0.731167 0.056250 0.057667
0 0.445125 0.775333 0.050250 0.032667
0 0.499000 0.771000 0.042000 0.049333
0 0.544375 0.771833 0.042750 0.051000
0 0.587625 0.772667 0.042750 0.052667
0 0.631875 0.773833 0.043750 0.055000
0 0.681875 0.779167 0.047250 0.048333
0 0.728625 0.780167 0.052250 0.050333
0 0.777750 0.781333 0.049000 0.052667
0 0.837375 0.743833 0.056250 0.061667
0 0.883000 0.742500 0.053000 0.059000
0 0.833375 0.789000 0.048250 0.041333
0 0.878750 0.790500 0.053500 0.043000
0 0.814125 0.920333 0.073250 0.092667
0 0.877750 0.922167 0.076000 0.096333
0 0.686000 0.918500 0.061000 0.079667
0 0.741625 0.918833 0.061250 0.080333
0 0.568750 0.877333 0.046000 0.054667
0 0.568750 0.924833 0.045500 0.048333
0 0.618125 0.929667 0.048250 0.045333
0 0.619000 0.881000 0.049500 0.057333
0 0.502125 0.913500 0.053750 0.062333
0 0.447625 0.909500 0.054250 0.061667
0 0.393625 0.906833 0.056750 0.056333
0 0.339500 0.904167 0.054500 0.051000
0 0.286250 0.903000 0.057000 0.048667
0 0.234750 0.904833 0.052000 0.039667
0 0.140375 0.875333 0.052250 0.088000
0 0.185250 0.876500 0.047000 0.091000
0 0.327500 0.233667 0.035000 0.086667
0 0.297875 0.236167 0.038250 0.085000
0 0.267250 0.237500 0.037500 0.084333
