0 0.574616 0.180452 0.127859 0.117486
0 0.674166 0.193120 0.107237 0.113015
0 0.747282 0.207650 0.098238 0.099851
0 0.818148 0.222429 0.082490 0.096622
0 0.775966 0.374069 0.065617 0.084948
0 0.841395 0.376925 0.075741 0.076751
0 0.897825 0.378788 0.062617 0.071038
0 0.945444 0.380899 0.066367 0.066816
0 0.959880 0.495156 0.047244 0.063835
0 0.923322 0.495281 0.048369 0.064580
0 0.886764 0.499255 0.051744 0.064580
0 0.825834 0.500248 0.055118 0.071038
0 0.778215 0.502111 0.058868 0.071287
0 0.726284 0.507079 0.065242 0.080725
0 0.674166 0.512916 0.071241 0.087928
0 0.603300 0.516766 0.067492 0.087680
0 0.549119 0.520616 0.072366 0.091903
0 0.914511 0.589170 0.058493 0.080974
0 0.970191 0.585196 0.059618 0.068554
0 0.978065 0.682067 0.043870 0.099851
0 0.939820 0.692871 0.070866 0.113015
0 0.886764 0.699702 0.068991 0.105315
0 0.836895 0.605812 0.101237 0.082464
0 0.070304 0.085196 0.139858 0.168902
0 0.211286 0.098733 0.162355 0.181570
0 0.350394 0.125807 0.144357 0.166667
0 0.476940 0.157973 0.122235 0.137606
0 0.044244 0.336811 0.083990 0.138599
0 0.162542 0.341157 0.163855 0.134873
0 0.314773 0.348361 0.151106 0.122454
0 0.441507 0.355564 0.124109 0.111525
0 0.455381 0.516269 0.113611 0.123944
0 0.342520 0.523472 0.130109 0.135867
0 0.208286 0.532166 0.149606 0.148286
0 0.070491 0.539369 0.136483 0.161699
0 0.312711 0.687904 0.125234 0.150273
0 0.429696 0.672131 0.131984 0.130651
0 0.450506 0.849354 0.123360 0.134377
0 0.336520 0.868107 0.124859 0.128167
0 0.226659 0.906110 0.163855 0.187779
0 0.081365 0.922131 0.158230 0.155738
0 0.071429 0.737581 0.139108 0.152260
0 0.184477 0.703800 0.140982 0.144312
0 0.561680 0.802534 0.092988 0.158967
0 0.638733 0.780800 0.088114 0.148783
0 0.703412 0.758693 0.087739 0.135370
0 0.742782 0.725782 0.063742 0.106309
0 0.754218 0.616120 0.066367 0.101590
0 0.687664 0.624690 0.094488 0.112270
0 0.615486 0.639965 0.106862 0.115996
0 0.539370 0.654247 0.100112 0.112270
0 0.816835 0.723920 0.071616 0.120964
