0 0.929858 0.052053 0.140283 0.088998
0 0.836765 0.058128 0.156585 0.101149
0 0.722008 0.070443 0.121836 0.125123
0 0.623981 0.074384 0.130845 0.133005
0 0.539468 0.083087 0.116259 0.137931
0 0.475332 0.099507 0.107250 0.123481
0 0.392535 0.105419 0.107250 0.145156
0 0.319820 0.116092 0.092235 0.145484
0 0.253968 0.130542 0.091806 0.121839
0 0.201630 0.141379 0.088374 0.121839
0 0.144359 0.151888 0.080223 0.115928
0 0.100386 0.166502 0.072072 0.103120
0 0.048048 0.175369 0.068640 0.107061
0 0.019949 0.175369 0.039897 0.104433
0 0.939725 0.245156 0.120549 0.132348
0 0.840197 0.250903 0.116259 0.123481
0 0.742171 0.256650 0.112398 0.115928
0 0.662806 0.263383 0.096954 0.109031
0 0.600386 0.267323 0.080223 0.104433
0 0.525955 0.270279 0.088374 0.101149
0 0.465251 0.275205 0.087087 0.096552
0 0.360575 0.279967 0.080223 0.098194
0 0.213428 0.289655 0.065637 0.085386
0 0.151008 0.289655 0.080652 0.088013
0 0.100386 0.284893 0.068640 0.101478
0 0.052982 0.285878 0.068211 0.101478
0 0.023381 0.288670 0.046761 0.097865
0 0.590090 0.411823 0.080223 0.091297
0 0.882239 0.424631 0.092235 0.104433
0 0.716860 0.671921 0.096954 0.108374
0 0.590090 0.648440 0.069927 0.097537
0 0.544616 0.629228 0.077649 0.109031
0 0.463535 0.598194 0.102531 0.143514
0 0.392535 0.589327 0.091806 0.126437
0 0.330116 0.585550 0.080223 0.109031
0 0.270914 0.572906 0.092235 0.111987
0 0.213428 0.556322 0.069927 0.109031
0 0.138996 0.543842 0.088374 0.101149
0 0.096954 0.535961 0.063492 0.095895
0 0.063063 0.533169 0.063492 0.092939
0 0.032604 0.529228 0.056628 0.089655
0 0.068211 0.412972 0.050622 0.082430
0 0.137280 0.414778 0.065208 0.089327
0 0.179751 0.414778 0.068640 0.089327
0 0.220077 0.414778 0.058344 0.089984
0 0.262548 0.414778 0.058344 0.091297
0 0.333333 0.430378 0.088374 0.097537
0 0.377306 0.432184 0.088803 0.095895
0 0.424710 0.432348 0.066924 0.087028
0 0.461604 0.445649 0.050622 0.080131
0 0.515873 0.410837 0.081939 0.091297
0 0.551266 0.409031 0.068640 0.087028
0 0.647576 0.415764 0.068211 0.092611
0 0.701630 0.414778 0.087087 0.097865
0 0.781210 0.415764 0.117546 0.101149
0 0.953668 0.424631 0.092664 0.109031
0 0.803089 0.682430 0.110682 0.123481
0 0.413342 0.290312 0.055341 0.086700
0 0.261905 0.285386 0.068211 0.091954
0 0.313599 0.293432 0.064350 0.081773
0 0.955813 0.552381 0.088374 0.064368
0 0.950879 0.595402 0.075075 0.061084
0 0.890176 0.589163 0.082368 0.052545
0 0.894680 0.544992 0.088803 0.062726
0 0.829258 0.536617 0.084084 0.060427
0 0.825826 0.578161 0.076362 0.054844
0 0.764908 0.531691 0.075504 0.057800
0 0.764908 0.571100 0.071214 0.053202
0 0.713857 0.564860 0.066066 0.052545
0 0.705491 0.525287 0.071643 0.054844
0 0.664093 0.511987 0.038610 0.024302
0 0.898756 0.904105 0.147576 0.168144
0 0.801373 0.887849 0.147576 0.154680
0 0.430073 0.774713 0.091377 0.126765
0 0.499785 0.791954 0.102102 0.126437
0 0.625483 0.808867 0.178464 0.084072
0 0.064565 0.642200 0.064779 0.112644
0 0.102746 0.652709 0.051909 0.112644
0 0.122051 0.669951 0.012441 0.079475
0 0.150365 0.678818 0.069069 0.102463
0 0.205920 0.689819 0.068640 0.106076
0 0.264050 0.707061 0.101673 0.116256
0 0.376877 0.728900 0.095667 0.146141
0 0.404547 0.765846 0.041184 0.109688
0 0.018233 0.636289 0.036465 0.121839
