0 0.031126 0.062831 0.061756 0.125661
0 0.106275 0.066634 0.109871 0.133267
0 0.180432 0.092097 0.087550 0.123347
0 0.249876 0.108631 0.064236 0.106151
0 0.307292 0.092262 0.075893 0.158069
0 0.371900 0.118552 0.064236 0.122685
0 0.429439 0.131118 0.064236 0.126653
0 0.484127 0.140873 0.055556 0.117725
0 0.534970 0.146825 0.054563 0.113757
0 0.577877 0.156581 0.049603 0.116071
0 0.618924 0.157573 0.049355 0.088294
0 0.669643 0.174107 0.056548 0.100198
0 0.717634 0.193783 0.047371 0.087963
0 0.782986 0.190642 0.049603 0.104828
0 0.817212 0.203538 0.046627 0.096892
0 0.849454 0.209325 0.040675 0.087963
0 0.936260 0.232804 0.042163 0.085317
0 0.962674 0.234623 0.039435 0.083664
0 0.966642 0.329530 0.034970 0.059193
0 0.940104 0.326554 0.035962 0.064484
0 0.905134 0.320602 0.040427 0.067130
0 0.873760 0.316799 0.040179 0.066138
0 0.840650 0.313823 0.036458 0.066138
0 0.803571 0.308036 0.039683 0.067130
0 0.753720 0.305060 0.039187 0.069114
0 0.721354 0.302083 0.037946 0.070437
0 0.693080 0.296131 0.042907 0.075728
0 0.663814 0.291336 0.037946 0.077381
0 0.629588 0.289352 0.040427 0.072090
0 0.591642 0.285549 0.044395 0.077712
0 0.551463 0.279597 0.042907 0.081019
0 0.512525 0.272817 0.044395 0.081349
0 0.470486 0.269841 0.045139 0.081349
0 0.425595 0.267030 0.046627 0.081019
0 0.382564 0.263062 0.046379 0.081019
0 0.338666 0.258102 0.049355 0.081019
0 0.279018 0.250331 0.061508 0.093915
0 0.225446 0.242560 0.055556 0.094246
0 0.170759 0.239583 0.060268 0.088294
0 0.109127 0.229828 0.075893 0.097222
0 0.038938 0.221065 0.077877 0.106151
0 0.068204 0.381118 0.099702 0.126653
0 0.147321 0.384094 0.080853 0.123347
0 0.229167 0.388062 0.075893 0.120701
0 0.298611 0.390046 0.071925 0.113426
0 0.371900 0.394015 0.072173 0.113426
0 0.436260 0.394015 0.071925 0.113426
0 0.501736 0.394015 0.068452 0.113426
0 0.556424 0.397817 0.053819 0.105159
0 0.603299 0.398644 0.044395 0.102844
0 0.647197 0.400628 0.051835 0.100198
0 0.692212 0.401620 0.049603 0.100198
0 0.737971 0.401786 0.047371 0.097222
0 0.776166 0.403770 0.043403 0.094577
0 0.811260 0.408565 0.041171 0.083003
0 0.839658 0.411541 0.037946 0.079696
0 0.867063 0.413525 0.042659 0.075728
0 0.901042 0.414517 0.042163 0.075728
0 0.938244 0.414517 0.040179 0.073743
0 0.937252 0.509259 0.043651 0.082672
0 0.788938 0.514054 0.049603 0.088294
0 0.744916 0.520833 0.053819 0.087963
0 0.699033 0.522817 0.051835 0.087963
0 0.591642 0.526786 0.067212 0.097222
0 0.416791 0.532573 0.067212 0.106151
0 0.348462 0.532573 0.080357 0.108796
0 0.272197 0.530589 0.082093 0.127976
0 0.187252 0.535549 0.104167 0.141204
0 0.099454 0.537533 0.104167 0.151124
0 0.106275 0.707341 0.114335 0.146164
0 0.200893 0.695602 0.092758 0.138558
0 0.282986 0.682044 0.083829 0.138558
0 0.357143 0.682044 0.076885 0.124669
0 0.422619 0.674272 0.069444 0.117725
0 0.484251 0.668320 0.064236 0.113095
0 0.541791 0.655589 0.060268 0.107474
0 0.595486 0.647817 0.060020 0.108466
0 0.645337 0.643022 0.056548 0.100198
0 0.692088 0.637070 0.051835 0.096892
0 0.755580 0.629299 0.051835 0.097222
0 0.794767 0.625331 0.047371 0.090608
0 0.831721 0.622354 0.047371 0.090608
0 0.870908 0.622354 0.047371 0.082672
0 0.905010 0.617560 0.045139 0.079696
0 0.932416 0.614583 0.040427 0.075728
0 0.966518 0.510251 0.041171 0.082672
0 0.902034 0.511078 0.045139 0.085648
0 0.864955 0.511078 0.047371 0.088294
0 0.823909 0.514054 0.045139 0.085648
0 0.655134 0.520833 0.055804 0.097222
0 0.541791 0.525628 0.060268 0.102183
0 0.484251 0.532573 0.064236 0.106151
0 0.351314 0.849041 0.072173 0.153108
0 0.281002 0.849041 0.080357 0.147817
0 0.203869 0.879299 0.092262 0.169974
0 0.420635 0.828373 0.068452 0.160053
0 0.484127 0.811839 0.066468 0.152778
0 0.538814 0.804067 0.060268 0.153108
0 0.591518 0.791501 0.061508 0.145172
0 0.884425 0.220569 0.034722 0.082672
0 0.906498 0.226025 0.039683 0.081680
0 0.112723 0.903108 0.113343 0.186508
0 0.641741 0.770007 0.053819 0.094907
0 0.679936 0.750827 0.076637 0.090939
0 0.710193 0.738922 0.079117 0.070437
0 0.813864 0.717097 0.055804 0.074405
0 0.845238 0.700397 0.064484 0.062169
0 0.895461 0.695106 0.060764 0.054894
0 0.925471 0.688161 0.060764 0.041005
0 0.970238 0.701058 0.057044 0.051587
0 0.980159 0.674107 0.039683 0.032077
