0 0.039040 0.131159 0.048021 0.100000
0 0.083028 0.131159 0.050953 0.101932
0 0.121884 0.134058 0.045088 0.106763
0 0.161107 0.135024 0.042889 0.104831
0 0.203996 0.135024 0.047287 0.115459
0 0.242119 0.134058 0.047287 0.119324
0 0.289040 0.070531 0.048754 0.056039
0 0.291972 0.122464 0.048021 0.064251
0 0.291972 0.171981 0.050220 0.046377
0 0.340909 0.174155 0.055718 0.050725
0 0.342742 0.122222 0.052786 0.065700
0 0.451979 0.132126 0.054985 0.063285
0 0.452163 0.181884 0.058284 0.050725
0 0.502749 0.177053 0.048021 0.059420
0 0.502749 0.124155 0.048021 0.062802
0 0.549670 0.182850 0.048021 0.056522
0 0.594758 0.184783 0.048021 0.056522
0 0.597507 0.128019 0.046188 0.061836
0 0.645345 0.128986 0.048021 0.059903
0 0.644611 0.184783 0.048021 0.056522
0 0.718658 0.193720 0.053152 0.062802
0 0.980389 0.298068 0.037757 0.071498
0 0.946298 0.303865 0.034824 0.057005
0 0.915139 0.303865 0.034824 0.056039
0 0.871884 0.293237 0.062683 0.071498
0 0.817449 0.289372 0.055718 0.077295
0 0.762647 0.289372 0.059018 0.079227
0 0.706012 0.288406 0.060117 0.079227
0 0.572214 0.284300 0.038856 0.065217
0 0.541789 0.282367 0.038856 0.066184
0 0.506782 0.278502 0.041422 0.071981
0 0.477639 0.278744 0.038856 0.068599
0 0.453996 0.275604 0.038490 0.073913
0 0.417889 0.269807 0.044721 0.081643
0 0.381782 0.267874 0.039956 0.083575
0 0.344758 0.275604 0.042889 0.097101
0 0.303702 0.274638 0.045088 0.095169
0 0.270345 0.271739 0.041422 0.093237
0 0.228556 0.282367 0.045088 0.066184
0 0.188416 0.265942 0.041056 0.089372
0 0.150477 0.265942 0.041422 0.095169
0 0.116202 0.263043 0.038856 0.096135
0 0.084861 0.263043 0.038490 0.095169
0 0.043805 0.257971 0.045088 0.097585
0 0.011730 0.275845 0.023460 0.067633
0 0.012647 0.363527 0.024560 0.104831
0 0.048754 0.388889 0.059384 0.122705
0 0.102456 0.394686 0.054619 0.119807
0 0.150477 0.395652 0.055352 0.119807
0 0.203079 0.399517 0.054252 0.114010
0 0.241202 0.404589 0.038123 0.109662
0 0.280242 0.409420 0.048021 0.097101
0 0.327896 0.409420 0.048021 0.098068
0 0.381782 0.372464 0.048021 0.079227
0 0.424670 0.370290 0.041422 0.071014
0 0.464626 0.371498 0.041422 0.068599
0 0.503849 0.374155 0.038490 0.065217
0 0.541789 0.376087 0.038856 0.067150
0 0.587793 0.375121 0.051686 0.074879
0 0.646444 0.378261 0.051686 0.069565
0 0.698130 0.380193 0.056818 0.069565
0 0.753849 0.378261 0.057551 0.071498
0 0.813416 0.383092 0.059384 0.071498
0 0.868218 0.387923 0.059018 0.067633
0 0.914956 0.392754 0.038856 0.062802
0 0.942449 0.393720 0.035924 0.062802
0 0.971591 0.394928 0.036290 0.061353
0 0.971591 0.463285 0.042155 0.052174
0 0.918805 0.460145 0.045088 0.050725
0 0.852456 0.460145 0.042155 0.050725
0 0.802786 0.487440 0.052786 0.069565
0 0.747984 0.485507 0.056085 0.069565
0 0.692449 0.489372 0.054985 0.064734
0 0.650293 0.483816 0.037390 0.068116
0 0.617119 0.475845 0.036290 0.079227
0 0.583944 0.475845 0.035191 0.075362
0 0.550770 0.473913 0.032625 0.076329
0 0.521444 0.471981 0.033358 0.076329
0 0.488270 0.469807 0.034457 0.080676
0 0.450147 0.468116 0.044721 0.083092
0 0.410191 0.470048 0.038856 0.079227
0 0.375916 0.471981 0.038490 0.073430
0 0.372984 0.555072 0.034091 0.079227
0 0.396444 0.554831 0.034091 0.076812
0 0.421921 0.559903 0.035191 0.071498
0 0.451979 0.560628 0.034457 0.074879
0 0.475623 0.560628 0.032625 0.074879
0 0.502749 0.562802 0.032625 0.071498
0 0.529142 0.565700 0.032625 0.071498
0 0.565433 0.565700 0.032625 0.071498
0 0.581928 0.565700 0.032625 0.071498
0 0.611254 0.570531 0.034824 0.064734
0 0.644611 0.572464 0.034824 0.062802
0 0.685484 0.570531 0.038856 0.067633
0 0.715726 0.571498 0.036290 0.067633
0 0.750000 0.572705 0.038856 0.067150
0 0.782991 0.572464 0.038856 0.064734
0 0.851723 0.579227 0.023827 0.062802
0 0.887647 0.595652 0.056085 0.037681
0 0.937500 0.585266 0.048021 0.057488
0 0.936217 0.678019 0.065982 0.069082
0 0.881782 0.675121 0.042889 0.073913
0 0.848607 0.675121 0.034457 0.071981
0 0.814333 0.675121 0.033358 0.071981
0 0.781158 0.673188 0.038123 0.071981
0 0.750000 0.670048 0.036657 0.073430
0 0.714809 0.670048 0.036657 0.068599
0 0.679619 0.669082 0.038856 0.068599
0 0.631782 0.669082 0.059018 0.068599
0 0.578996 0.663285 0.048021 0.074396
0 0.541972 0.663285 0.034091 0.071498
0 0.506782 0.663285 0.032625 0.069565
0 0.469575 0.660386 0.043255 0.073430
0 0.328079 0.650725 0.041789 0.083092
0 0.289956 0.649758 0.041789 0.083092
0 0.254765 0.650725 0.038856 0.083092
0 0.209861 0.646618 0.045821 0.083575
0 0.170821 0.644686 0.038856 0.073913
0 0.118035 0.646860 0.041789 0.085990
0 0.082845 0.646860 0.041056 0.085990
0 0.043805 0.646860 0.040689 0.085990
0 0.853006 0.500000 0.038123 0.045411
0 0.887097 0.505314 0.034457 0.045411
0 0.923021 0.505797 0.035191 0.044444
0 0.960594 0.505556 0.038490 0.042995
0 0.336510 0.544203 0.038123 0.095169
0 0.300587 0.544203 0.035191 0.097101
0 0.266312 0.544928 0.036290 0.104348
0 0.227639 0.544444 0.035191 0.108213
0 0.191349 0.541546 0.034457 0.107246
0 0.155425 0.540580 0.039589 0.108213
0 0.119135 0.546618 0.036657 0.101932
0 0.081378 0.540338 0.041056 0.101932
0 0.042339 0.538406 0.041422 0.105797
0 0.140946 0.790097 0.033358 0.085507
0 0.104655 0.792271 0.025293 0.091787
0 0.074413 0.790097 0.035191 0.087440
0 0.038490 0.787198 0.034457 0.086473
0 0.135814 0.883333 0.023827 0.077778
0 0.106855 0.883816 0.035557 0.071981
0 0.074230 0.890338 0.032625 0.084058
0 0.043072 0.888647 0.027493 0.078744
0 0.281525 0.784300 0.032258 0.098068
0 0.241752 0.796135 0.048021 0.099517
0 0.197397 0.789372 0.041422 0.088889
0 0.280609 0.890338 0.039956 0.081159
0 0.239186 0.885266 0.053152 0.079710
0 0.197581 0.888647 0.041056 0.078744
0 0.435301 0.796377 0.038490 0.090338
0 0.401576 0.783575 0.033358 0.088889
0 0.373534 0.793961 0.038123 0.094203
0 0.340726 0.789855 0.026760 0.076329
0 0.432735 0.882367 0.025293 0.073913
0 0.405059 0.889130 0.035191 0.078744
0 0.373350 0.885990 0.035557 0.080193
0 0.341826 0.881401 0.029692 0.082609
0 0.562867 0.888164 0.039223 0.071981
0 0.521628 0.884300 0.037390 0.070048
0 0.485521 0.892271 0.045821 0.081159
0 0.635447 0.908454 0.048754 0.058454
0 0.673754 0.907488 0.052786 0.054589
0 0.708578 0.906763 0.034457 0.057971
0 0.767595 0.915217 0.058651 0.074879
0 0.814883 0.900966 0.046188 0.097585
0 0.873350 0.901691 0.048021 0.101932
0 0.927603 0.900242 0.053886 0.106763
0 0.796188 0.783575 0.043988 0.064734
0 0.754765 0.781401 0.034457 0.059420
0 0.721408 0.777778 0.035191 0.069565
0 0.685667 0.778744 0.039223 0.077295
0 0.836144 0.775604 0.031525 0.066184
0 0.864003 0.767391 0.058651 0.087440
0 0.916056 0.770048 0.045455 0.085990
0 0.950880 0.770048 0.026393 0.080193
0 0.822031 0.561836 0.034824 0.031884
0 0.821114 0.597826 0.036657 0.028502
0 0.886730 0.559662 0.044721 0.036232
