0 0.980031 0.250649 0.039939 0.065744
0 0.750192 0.236916 0.149386 0.059905
0 0.614439 0.233023 0.132104 0.062933
0 0.492320 0.230212 0.133641 0.061635
0 0.367320 0.226211 0.140169 0.060121
0 0.236559 0.221345 0.137481 0.061635
0 0.107527 0.215506 0.150538 0.061635
0 0.095046 0.327747 0.113287 0.106185
0 0.188748 0.333586 0.097158 0.101427
0 0.285330 0.336613 0.100614 0.099265
0 0.387865 0.338560 0.093702 0.099265
0 0.483679 0.342452 0.097158 0.096670
0 0.568548 0.342452 0.091782 0.099265
0 0.663210 0.340506 0.097542 0.096670
0 0.752112 0.342452 0.099462 0.096670
0 0.852727 0.345372 0.103303 0.077855
0 0.937788 0.346345 0.092166 0.074178
0 0.962942 0.461613 0.060292 0.068555
0 0.904570 0.454801 0.080261 0.086938
0 0.838134 0.453720 0.077957 0.088235
0 0.731567 0.462587 0.100614 0.096886
0 0.648618 0.462478 0.097542 0.093642
0 0.553763 0.464533 0.089862 0.093426
0 0.470814 0.462587 0.089862 0.099481
0 0.383833 0.461613 0.091782 0.093642
0 0.096966 0.460532 0.097158 0.093642
0 0.124232 0.575800 0.121736 0.101427
0 0.452381 0.574827 0.097542 0.103374
0 0.537442 0.576773 0.088710 0.099481
0 0.632104 0.583694 0.100614 0.092993
0 0.723886 0.576881 0.086022 0.094939
0 0.957565 0.749676 0.084869 0.061635
0 0.881144 0.748702 0.078725 0.063581
0 0.810676 0.746756 0.084485 0.063581
0 0.625192 0.874676 0.048387 0.063798
0 0.569508 0.877595 0.072197 0.065311
0 0.489439 0.874676 0.072581 0.068123
0 0.422043 0.880515 0.053763 0.077206
0 0.419163 0.785792 0.064132 0.070285
0 0.489439 0.785792 0.078725 0.068123
0 0.565668 0.785792 0.079109 0.068123
0 0.632104 0.784818 0.064516 0.065744
0 0.423963 0.700800 0.082181 0.096670
0 0.560676 0.672470 0.056068 0.052984
0 0.488479 0.672470 0.056068 0.049524
0 0.193740 0.467452 0.079493 0.085856
0 0.278994 0.459451 0.087942 0.103590
0 0.826613 0.877379 0.117896 0.090398
0 0.924347 0.881272 0.129032 0.068772
0 0.315092 0.881163 0.053379 0.067258
0 0.238287 0.883975 0.091782 0.077206
0 0.160138 0.886678 0.083717 0.087370
0 0.089862 0.881272 0.083717 0.071799
0 0.094086 0.783845 0.111367 0.102725
0 0.166283 0.770761 0.085253 0.095156
0 0.248080 0.767301 0.078341 0.091263
0 0.312404 0.770653 0.042627 0.096670
0 0.628072 0.674740 0.067204 0.057958
0 0.238095 0.576990 0.102919 0.097318
0 0.855031 0.548659 0.094854 0.050173
0 0.943548 0.546821 0.076805 0.052552
0 0.076613 0.098292 0.130952 0.112240
0 0.201997 0.102184 0.124424 0.114403
0 0.325461 0.109105 0.119432 0.109213
0 0.447965 0.112997 0.119432 0.110510
0 0.610791 0.117431 0.130184 0.112889
0 0.729455 0.123054 0.124040 0.106834
0 0.837558 0.128352 0.118280 0.104888
0 0.943548 0.129433 0.109063 0.107050
0 0.950845 0.611159 0.086790 0.034602
0 0.948349 0.644572 0.090246 0.033521
0 0.950461 0.675281 0.086790 0.027898
0 0.845238 0.675930 0.116743 0.027898
0 0.848310 0.645329 0.117512 0.034170
0 0.851767 0.611159 0.121352 0.034602
0 0.911866 0.244702 0.062596 0.073746
0 0.846582 0.247080 0.059524 0.070285
0 0.347734 0.576665 0.106375 0.100562
