0 0.696820 0.196721 0.099050 0.102062
0 0.635417 0.196721 0.077851 0.098361
0 0.856542 0.214437 0.090278 0.080381
0 0.913925 0.217478 0.081506 0.078001
0 0.958151 0.219593 0.077120 0.075886
0 0.980446 0.221708 0.039108 0.067425
0 0.980446 0.309096 0.039108 0.078265
0 0.949379 0.313326 0.063962 0.075621
0 0.896564 0.314384 0.060673 0.071920
0 0.859832 0.314252 0.070541 0.075357
0 0.807018 0.314252 0.071637 0.078001
0 0.754203 0.314252 0.067617 0.078001
0 0.700110 0.312136 0.077120 0.086991
0 0.632127 0.331967 0.054459 0.047858
0 0.632127 0.371629 0.054459 0.047858
0 0.632127 0.405870 0.054459 0.046007
0 0.960344 0.500793 0.063962 0.080381
0 0.906433 0.507007 0.080409 0.090693
0 0.843750 0.513088 0.067617 0.087520
0 0.784357 0.522607 0.080409 0.098096
0 0.713085 0.528821 0.086988 0.111052
0 0.611659 0.541380 0.099050 0.104442
0 0.528509 0.547462 0.115497 0.113961
0 0.394737 0.563062 0.124269 0.131412
0 0.306104 0.588181 0.137061 0.125066
0 0.194079 0.601666 0.124269 0.131412
0 0.646199 0.680857 0.109649 0.139080
0 0.735746 0.665124 0.097953 0.125066
0 0.807018 0.650582 0.083333 0.116076
0 0.869518 0.635114 0.089912 0.111052
0 0.943165 0.622554 0.080044 0.104442
0 0.839364 0.776573 0.080044 0.098361
0 0.784357 0.787017 0.083333 0.116076
0 0.698282 0.800502 0.161184 0.090693
0 0.619152 0.822448 0.133041 0.090164
0 0.124635 0.121364 0.221491 0.201481
0 0.291301 0.139873 0.167398 0.184030
0 0.431835 0.163009 0.151681 0.149392
0 0.554459 0.173321 0.130117 0.140931
0 0.543494 0.362639 0.149123 0.148334
0 0.438779 0.364886 0.148757 0.154944
0 0.312317 0.369381 0.159722 0.159175
0 0.147295 0.373876 0.217105 0.175040
0 0.693713 0.421338 0.083333 0.092808
0 0.758406 0.417372 0.073830 0.090693
0 0.809028 0.412745 0.060307 0.086727
0 0.864766 0.410629 0.083333 0.085669
0 0.963268 0.401904 0.067617 0.085140
0 0.197551 0.738234 0.175073 0.151243
0 0.329861 0.727790 0.153143 0.172131
0 0.451389 0.718271 0.129386 0.158382
0 0.546784 0.699630 0.125000 0.141724
0 0.469846 0.643046 0.188962 0.028027
0 0.464547 0.831703 0.123538 0.074828
0 0.549525 0.828794 0.101974 0.069540
0 0.209064 0.923850 0.146930 0.152300
0 0.328216 0.910497 0.135965 0.179006
0 0.776499 0.218535 0.057383 0.048916
