0 0.221625 0.870333 0.070250 0.126667
0 0.020500 0.956167 0.040500 0.045667
0 0.364875 0.290167 0.033250 0.113000
0 0.405250 0.287333 0.048000 0.112667
0 0.434000 0.286333 0.039000 0.112667
0 0.543875 0.283500 0.074250 0.118333
0 0.589625 0.285167 0.034750 0.072333
0 0.624500 0.291333 0.038000 0.066667
0 0.416250 0.429833 0.047500 0.113667
0 0.378875 0.431833 0.059250 0.115667
0 0.297750 0.415333 0.056500 0.096000
0 0.260625 0.415167 0.056750 0.090333
0 0.225500 0.414333 0.056500 0.096000
0 0.255250 0.854333 0.040000 0.090000
0 0.294500 0.556000 0.049500 0.098000
0 0.258625 0.557167 0.046750 0.097000
0 0.185125 0.558833 0.054750 0.091667
0 0.212375 0.555167 0.040250 0.097000
0 0.164875 0.556167 0.036750 0.097000
0 0.764875 0.447667 0.058750 0.042000
0 0.765875 0.407667 0.059750 0.048000
0 0.701750 0.402500 0.077000 0.049000
0 0.702625 0.445333 0.073250 0.048667
0 0.635375 0.450500 0.069250 0.040333
0 0.635375 0.411167 0.066750 0.049000
0 0.216750 0.161333 0.055500 0.082000
0 0.264750 0.160500 0.056500 0.082333
0 0.312000 0.157667 0.050000 0.080667
0 0.356750 0.156000 0.050500 0.082000
0 0.465500 0.149333 0.038000 0.085333
0 0.435375 0.180000 0.031750 0.058667
0 0.401750 0.159167 0.036000 0.072333
0 0.453750 0.102000 0.008500 0.016667
0 0.692750 0.289833 0.029000 0.067667
0 0.660125 0.294833 0.031250 0.059667
0 0.492125 0.284500 0.025750 0.083000
0 0.465375 0.285000 0.025750 0.082667
0 0.578625 0.083500 0.054750 0.067000
0 0.634250 0.101500 0.062000 0.072333
0 0.630625 0.160833 0.058750 0.049000
0 0.572625 0.150500 0.058750 0.072333
0 0.642125 0.529167 0.037250 0.065667
0 0.675125 0.529000 0.033750 0.065333
0 0.479500 0.546667 0.057000 0.036667
0 0.536250 0.546167 0.056500 0.035667
0 0.596250 0.545500 0.057500 0.034333
0 0.480875 0.504500 0.057750 0.042333
0 0.345750 0.570000 0.041500 0.082000
0 0.382000 0.570000 0.040500 0.082000
0 0.428250 0.578333 0.039000 0.067333
0 0.383125 0.690667 0.042250 0.096000
0 0.406375 0.677500 0.020750 0.071000
0 0.424875 0.677333 0.021750 0.070667
0 0.474000 0.639500 0.052500 0.035667
0 0.524625 0.640333 0.048250 0.037333
0 0.472000 0.611333 0.049000 0.032667
0 0.743500 0.652833 0.059000 0.037000
0 0.686875 0.653000 0.054750 0.037333
0 0.688750 0.615000 0.058500 0.040000
0 0.745125 0.613833 0.055750 0.043000
0 0.572500 0.638000 0.046000 0.033333
0 0.622125 0.648167 0.054250 0.039000
0 0.286000 0.684000 0.047500 0.086667
0 0.306375 0.672000 0.035750 0.087333
0 0.165500 0.680167 0.044500 0.087667
0 0.198375 0.680000 0.040750 0.087333
0 0.223500 0.678000 0.031500 0.087333
0 0.283375 0.876167 0.024750 0.073000
0 0.473875 0.884833 0.037750 0.108333
0 0.508000 0.843667 0.030000 0.096667
0 0.572000 0.854500 0.034500 0.093667
0 0.604500 0.865000 0.031500 0.112667
0 0.636625 0.864167 0.023250 0.115667
0 0.546000 0.830167 0.020500 0.065667
0 0.575250 0.735000 0.056000 0.061333
0 0.603750 0.721000 0.031000 0.054667
0 0.632250 0.726167 0.035000 0.076333
0 0.672500 0.726167 0.039500 0.076333
0 0.715875 0.730833 0.041750 0.071000
0 0.333625 0.882833 0.039250 0.073667
0 0.376000 0.885833 0.045500 0.087667
0 0.414750 0.883667 0.032000 0.093333
0 0.165500 0.301500 0.059000 0.084333
0 0.217500 0.298833 0.049000 0.088333
0 0.324000 0.294333 0.046000 0.061333
0 0.738375 0.881333 0.031250 0.075333
0 0.702500 0.883167 0.038000 0.098333
0 0.672375 0.870500 0.025750 0.081667
