0 0.051753 0.857143 0.058532 0.096726
0 0.101356 0.874628 0.070437 0.106399
0 0.163029 0.876612 0.072751 0.103423
0 0.230324 0.872644 0.074405 0.109871
0 0.337798 0.850198 0.065807 0.063492
0 0.402282 0.851190 0.071759 0.065476
0 0.474537 0.853051 0.076058 0.072173
0 0.540840 0.852183 0.067791 0.072421
0 0.609292 0.851190 0.070437 0.077877
0 0.677579 0.852183 0.068783 0.076389
0 0.754630 0.858011 0.074074 0.065228
0 0.821098 0.858135 0.074074 0.067956
0 0.866898 0.619668 0.071759 0.075645
0 0.444114 0.590402 0.111772 0.049851
0 0.441303 0.630456 0.109458 0.045635
0 0.242063 0.728175 0.082672 0.115079
0 0.156085 0.732019 0.091931 0.109871
0 0.074074 0.729043 0.082672 0.109871
0 0.330026 0.635417 0.099868 0.043155
0 0.441303 0.702753 0.071759 0.068204
0 0.441303 0.759425 0.071759 0.061508
0 0.513558 0.741939 0.072751 0.090526
0 0.585813 0.742808 0.079696 0.090278
0 0.663029 0.742808 0.078704 0.090278
0 0.753638 0.751612 0.096561 0.077133
0 0.839616 0.751612 0.096561 0.079117
0 0.246032 0.464410 0.081349 0.109871
0 0.173611 0.462550 0.074735 0.117560
0 0.102348 0.462426 0.079034 0.119792
0 0.031085 0.462550 0.061508 0.118056
0 0.325066 0.484003 0.068783 0.076637
0 0.387566 0.481027 0.070106 0.084573
0 0.463790 0.484003 0.068452 0.079117
0 0.666832 0.426463 0.108796 0.045883
0 0.666832 0.464534 0.110119 0.047123
0 0.666832 0.500620 0.106812 0.049851
0 0.779101 0.466394 0.113095 0.050843
0 0.879795 0.445933 0.106812 0.061012
0 0.882771 0.500620 0.085648 0.052827
0 0.904101 0.318948 0.070106 0.089782
0 0.837798 0.312252 0.070437 0.107639
0 0.771329 0.318948 0.059854 0.091766
0 0.715608 0.315972 0.059524 0.094246
0 0.655093 0.319940 0.059524 0.089782
0 0.598545 0.285714 0.059524 0.061508
0 0.598380 0.340402 0.063823 0.055804
0 0.530093 0.334697 0.059524 0.063244
0 0.463624 0.327753 0.062831 0.077629
0 0.394345 0.324777 0.063823 0.079117
0 0.325066 0.316964 0.068783 0.094246
0 0.259590 0.315104 0.066799 0.093502
0 0.520337 0.954117 0.075066 0.091766
0 0.463624 0.954737 0.062831 0.084573
0 0.410053 0.953745 0.065476 0.090526
0 0.319279 0.950025 0.073082 0.099950
0 0.608300 0.957713 0.064484 0.084573
0 0.712632 0.955729 0.120370 0.084573
0 0.823082 0.955729 0.063492 0.088046
0 0.779266 0.635417 0.114087 0.043155
0 0.331019 0.603175 0.096561 0.037202
0 0.781746 0.597346 0.107143 0.040923
0 0.036541 0.599330 0.071098 0.098958
0 0.105324 0.601438 0.078373 0.110615
0 0.172288 0.596602 0.072090 0.118304
0 0.243717 0.589782 0.060847 0.113591
0 0.100529 0.178943 0.099868 0.064236
0 0.196429 0.180556 0.097884 0.074901
0 0.299603 0.171999 0.101852 0.093502
0 0.392196 0.171751 0.083333 0.088046
0 0.469742 0.170387 0.075066 0.087302
0 0.544974 0.164807 0.093915 0.085069
0 0.304398 0.078993 0.095569 0.093998
0 0.394015 0.080605 0.076389 0.089286
0 0.544643 0.079613 0.093915 0.085813
0 0.666005 0.634177 0.112434 0.039187
0 0.663856 0.591270 0.103505 0.040179
0 0.547619 0.571677 0.102513 0.040179
0 0.548776 0.635913 0.113426 0.039187
0 0.553737 0.429688 0.103505 0.040923
0 0.558036 0.472222 0.094907 0.039187
0 0.556052 0.505332 0.108135 0.033482
