0 0.338282 0.077347 0.108269 0.154694
0 0.515075 0.068326 0.156693 0.136652
0 0.711512 0.058804 0.153952 0.117608
0 0.295797 0.281156 0.156693 0.176746
0 0.179534 0.278316 0.129740 0.158370
0 0.099360 0.300702 0.084513 0.116940
0 0.039059 0.297862 0.078118 0.117274
0 0.053221 0.125626 0.059845 0.113598
0 0.129511 0.110591 0.133851 0.132977
0 0.899726 0.052456 0.200548 0.104911
0 0.814527 0.280154 0.209228 0.220849
0 0.640932 0.281657 0.189127 0.203141
0 0.456601 0.283495 0.182275 0.184096
0 0.131567 0.470264 0.076747 0.117942
0 0.197579 0.478617 0.092736 0.122619
0 0.286889 0.487304 0.110553 0.139325
0 0.499772 0.510692 0.156236 0.150685
0 0.843079 0.840795 0.227958 0.254260
0 0.666514 0.792516 0.200091 0.228533
0 0.511649 0.751253 0.169027 0.204143
0 0.412060 0.701136 0.136135 0.178750
0 0.548424 0.660875 0.154865 0.049449
0 0.270215 0.703475 0.133851 0.133311
0 0.160804 0.666555 0.100503 0.144337
0 0.077889 0.652188 0.090909 0.118276
0 0.254226 0.872202 0.135678 0.221517
0 0.175651 0.827765 0.063499 0.171400
0 0.105071 0.791514 0.072179 0.165720
0 0.046368 0.767123 0.081772 0.130972
0 0.415943 0.890411 0.128369 0.179085
0 0.459571 0.931006 0.131567 0.137989
0 0.613979 0.947377 0.172682 0.105246
