0 0.037450 0.247189 0.056548 0.088955
0 0.058904 0.238426 0.054315 0.096561
0 0.084325 0.229497 0.062004 0.102513
0 0.115451 0.220734 0.065228 0.107474
0 0.228051 0.196263 0.047867 0.101521
0 0.254216 0.176753 0.058036 0.122024
0 0.283482 0.169974 0.059524 0.117725
0 0.320561 0.156415 0.068204 0.130291
0 0.363591 0.146495 0.067956 0.140212
0 0.410466 0.136739 0.055060 0.134590
0 0.448537 0.126157 0.085565 0.149802
0 0.508185 0.112434 0.076885 0.147487
0 0.565724 0.100694 0.087798 0.159061
0 0.628224 0.085152 0.078373 0.146495
0 0.692708 0.076224 0.090774 0.152447
0 0.767981 0.067460 0.111359 0.134921
0 0.849826 0.060847 0.099454 0.121693
0 0.936880 0.049769 0.111359 0.099537
0 0.988095 0.044974 0.023810 0.089947
0 0.945685 0.382937 0.108631 0.175926
0 0.862599 0.384755 0.100694 0.164352
0 0.784474 0.382771 0.090774 0.159061
0 0.718998 0.382771 0.085813 0.149802
0 0.654514 0.382771 0.082837 0.142526
0 0.600818 0.384921 0.075149 0.138228
0 0.546255 0.384921 0.074157 0.129630
0 0.500248 0.386905 0.072421 0.129630
0 0.462302 0.386905 0.061508 0.125000
0 0.075521 0.481481 0.058780 0.101852
0 0.095982 0.485284 0.053571 0.102844
0 0.118428 0.487434 0.058780 0.103836
0 0.156498 0.491237 0.059028 0.106151
0 0.722966 0.546792 0.109623 0.168981
0 0.815724 0.560681 0.123016 0.184854
0 0.920263 0.569444 0.139137 0.191138
0 0.905506 0.957176 0.132937 0.085648
0 0.803943 0.938161 0.126240 0.123677
0 0.155630 0.715939 0.065228 0.109788
0 0.128224 0.715939 0.058532 0.105820
0 0.575521 0.529266 0.090526 0.159061
0 0.645709 0.534226 0.093502 0.166336
0 0.505084 0.522487 0.084077 0.147487
0 0.464162 0.514716 0.053819 0.143849
0 0.397693 0.518684 0.080109 0.147156
0 0.354787 0.514716 0.068204 0.142526
0 0.307912 0.514716 0.074157 0.137897
0 0.273686 0.502976 0.068204 0.126984
0 0.238591 0.497024 0.064980 0.117063
0 0.200521 0.497189 0.058780 0.112765
0 0.734995 0.756283 0.110863 0.193783
0 0.816220 0.782573 0.116071 0.206680
0 0.915427 0.808862 0.126984 0.218254
0 0.486111 0.847388 0.086310 0.200066
0 0.543651 0.869048 0.091766 0.209656
0 0.197669 0.610284 0.064484 0.121362
0 0.163566 0.604332 0.054315 0.116071
0 0.084821 0.587963 0.047619 0.102513
0 0.109251 0.593915 0.050843 0.104497
0 0.134673 0.599041 0.052083 0.108135
0 0.253100 0.621858 0.055308 0.123347
0 0.270585 0.621858 0.020833 0.098214
0 0.271577 0.638558 0.019841 0.092593
0 0.329737 0.641865 0.067212 0.130952
0 0.368180 0.650463 0.061260 0.137566
0 0.390501 0.634425 0.017113 0.087632
0 0.390749 0.663856 0.018601 0.110119
0 0.414931 0.661706 0.065476 0.140873
0 0.465774 0.671627 0.074405 0.150794
0 0.503844 0.787864 0.033482 0.054563
0 0.522445 0.687996 0.070685 0.153770
0 0.582713 0.704365 0.082093 0.164683
0 0.645585 0.724041 0.084821 0.172288
0 0.620784 0.908234 0.074901 0.183532
0 0.694444 0.921627 0.086806 0.156746
0 0.425099 0.818618 0.062004 0.172950
0 0.409846 0.783730 0.064732 0.125661
0 0.410962 0.379464 0.052083 0.092262
0 0.375992 0.385913 0.042659 0.080026
0 0.345114 0.386739 0.041419 0.078373
0 0.320685 0.387731 0.034226 0.075728
0 0.290055 0.388393 0.035466 0.071759
0 0.246156 0.387401 0.044891 0.069114
0 0.218750 0.388393 0.031746 0.068452
0 0.197669 0.389716 0.027778 0.064484
0 0.045387 0.392526 0.026290 0.054894
0 0.060268 0.391700 0.025298 0.057209
0 0.077877 0.390873 0.025794 0.059524
0 0.093254 0.390377 0.024802 0.059854
0 0.112227 0.388228 0.028026 0.064153
0 0.130332 0.387235 0.030010 0.065476
0 0.152902 0.388889 0.028026 0.064153
0 0.169891 0.386905 0.020833 0.066138
0 0.350198 0.261078 0.041667 0.100860
0 0.381448 0.257275 0.045139 0.103836
0 0.519593 0.231316 0.035714 0.051918
0 0.556424 0.226190 0.040923 0.053571
0 0.522445 0.271164 0.038938 0.041667
0 0.590526 0.265708 0.041171 0.045304
0 0.625248 0.263724 0.037202 0.046627
0 0.625992 0.222222 0.037698 0.045635
0 0.554688 0.269841 0.036954 0.042989
0 0.170883 0.282903 0.037698 0.086310
0 0.148810 0.289517 0.027282 0.075066
0 0.074529 0.689815 0.027034 0.081349
0 0.099578 0.691468 0.019097 0.083333
0 0.348214 0.771495 0.062500 0.061508
0 0.288690 0.744213 0.093254 0.056548
0 0.240079 0.718419 0.090278 0.057209
0 0.216270 0.693287 0.046627 0.039352
