0 0.068814 0.114315 0.107732 0.148575
0 0.148196 0.123813 0.099485 0.143148
0 0.230928 0.132293 0.088660 0.137042
0 0.310052 0.139756 0.078866 0.130258
0 0.378351 0.150271 0.075258 0.126866
0 0.446649 0.158752 0.073711 0.124830
0 0.517268 0.151628 0.088144 0.152646
0 0.585309 0.157734 0.088144 0.148575
0 0.654897 0.167232 0.077835 0.137720
0 0.719588 0.171981 0.069072 0.130936
0 0.777835 0.182836 0.065979 0.126866
0 0.830155 0.190977 0.060309 0.121438
0 0.884021 0.195047 0.057732 0.126866
0 0.933763 0.202171 0.052062 0.127544
0 0.977062 0.207938 0.045876 0.121438
0 0.935052 0.344301 0.048454 0.095658
0 0.887629 0.344301 0.054639 0.095658
0 0.830155 0.346336 0.056186 0.088874
0 0.782732 0.346336 0.052062 0.088874
0 0.729124 0.340570 0.060309 0.097693
0 0.679381 0.335821 0.054639 0.097693
0 0.630412 0.339552 0.055670 0.092944
0 0.581701 0.336839 0.054124 0.091588
0 0.534278 0.335821 0.057216 0.090909
0 0.484278 0.336839 0.056186 0.095658
0 0.436856 0.334464 0.060309 0.097693
0 0.373454 0.333446 0.057216 0.099729
0 0.319845 0.331072 0.063402 0.104478
0 0.254124 0.328697 0.064948 0.109227
0 0.189691 0.327341 0.069072 0.110583
0 0.123711 0.331072 0.069072 0.097693
0 0.059278 0.329715 0.070103 0.097693
0 0.068814 0.485075 0.064433 0.097693
0 0.133505 0.486092 0.063918 0.099729
0 0.188402 0.486092 0.060309 0.092944
0 0.243041 0.483718 0.055155 0.090909
0 0.295361 0.481343 0.054639 0.091588
0 0.349227 0.479986 0.054124 0.091588
0 0.401289 0.479986 0.052062 0.086160
0 0.468299 0.500678 0.066495 0.118046
0 0.531959 0.500339 0.062887 0.117368
0 0.589175 0.500339 0.057732 0.106513
0 0.652577 0.497965 0.068041 0.103121
0 0.713144 0.493216 0.067526 0.111262
0 0.769330 0.491859 0.063402 0.103121
0 0.824227 0.482700 0.062887 0.117368
0 0.871907 0.481343 0.057216 0.113297
0 0.920361 0.479986 0.057216 0.110583
0 0.805928 0.636364 0.063402 0.111262
0 0.752320 0.649593 0.066495 0.117368
0 0.591495 0.659430 0.063402 0.132972
0 0.530412 0.674695 0.068041 0.121438
0 0.468557 0.683514 0.069072 0.126866
0 0.330928 0.723202 0.056701 0.090909
0 0.207732 0.607531 0.062887 0.124152
0 0.273454 0.605495 0.066495 0.121438
0 0.333247 0.599389 0.056186 0.106513
0 0.380670 0.602782 0.060309 0.098372
0 0.289433 0.921303 0.078866 0.103121
0 0.357732 0.892809 0.077320 0.127544
0 0.422165 0.879579 0.063918 0.130936
0 0.479639 0.870081 0.060309 0.128223
0 0.538918 0.836160 0.073711 0.170285
0 0.598969 0.826323 0.063918 0.156038
0 0.654639 0.830054 0.069072 0.128223
0 0.709536 0.820556 0.060309 0.117368
0 0.757216 0.815807 0.057732 0.117368
0 0.808505 0.792741 0.060309 0.143148
0 0.852062 0.787992 0.056701 0.133650
0 0.894845 0.779512 0.051546 0.127544
0 0.885052 0.639077 0.056701 0.103121
0 0.701031 0.654681 0.056701 0.111262
0 0.651289 0.663840 0.060309 0.121438
0 0.207732 0.858887 0.100000 0.147897
0 0.129897 0.875848 0.080412 0.078697
0 0.288144 0.731682 0.070103 0.092944
0 0.848454 0.641113 0.057732 0.112619
0 0.103608 0.610244 0.052577 0.059023
0 0.107474 0.653664 0.045876 0.046811
0 0.151804 0.607531 0.045876 0.059023
0 0.150773 0.648915 0.044845 0.049525
0 0.120103 0.729647 0.044330 0.052239
0 0.125000 0.762551 0.043814 0.055631
0 0.164948 0.726594 0.044330 0.051560
0 0.165979 0.762551 0.041237 0.046133
0 0.936340 0.570896 0.036598 0.050882
0 0.966753 0.573270 0.028351 0.044776
0 0.918299 0.638738 0.023196 0.056309
0 0.942526 0.634328 0.026289 0.043419
0 0.972938 0.636703 0.029381 0.050882
0 0.971649 0.679444 0.026804 0.046811
0 0.946649 0.684532 0.025258 0.048847
0 0.920103 0.687924 0.026804 0.044776
0 0.933247 0.759159 0.029381 0.044776
0 0.928608 0.807327 0.029381 0.050204
0 0.961598 0.757123 0.025258 0.048847
0 0.959021 0.806309 0.024227 0.044098
0 0.985309 0.750678 0.025258 0.056309
0 0.984794 0.800882 0.024227 0.048168
