0 0.124875 0.083833 0.083250 0.092333
0 0.204000 0.092667 0.068500 0.086667
0 0.275250 0.085667 0.079500 0.104667
0 0.352375 0.095500 0.077750 0.097667
0 0.432500 0.089667 0.078500 0.126000
0 0.503875 0.093667 0.077250 0.123333
0 0.557500 0.100333 0.046000 0.123333
0 0.608250 0.110167 0.056500 0.113667
0 0.658000 0.113167 0.056500 0.108333
0 0.703000 0.120833 0.056000 0.108333
0 0.857250 0.113167 0.100500 0.141000
0 0.903125 0.281167 0.070750 0.076333
0 0.847500 0.281000 0.053500 0.068667
0 0.488125 0.248000 0.057750 0.069333
0 0.423625 0.253667 0.069250 0.094667
0 0.355250 0.253833 0.066500 0.089000
0 0.281125 0.247833 0.077750 0.097667
0 0.204875 0.245000 0.079250 0.098000
0 0.145500 0.246000 0.060500 0.092000
0 0.199125 0.397333 0.104750 0.066667
0 0.882625 0.409167 0.077750 0.089000
0 0.397875 0.505167 0.074750 0.072333
0 0.397875 0.581333 0.074750 0.081333
0 0.330750 0.506167 0.066500 0.072333
0 0.329875 0.582167 0.072250 0.083667
0 0.257625 0.510000 0.086250 0.082667
0 0.256500 0.586833 0.079500 0.080333
0 0.184375 0.510667 0.084750 0.082000
0 0.179000 0.589833 0.080500 0.080333
0 0.460500 0.577500 0.044000 0.071000
0 0.516125 0.576500 0.054250 0.069000
0 0.553250 0.575500 0.043500 0.067000
0 0.571000 0.579000 0.006500 0.058667
0 0.585000 0.549000 0.034500 0.070667
0 0.649500 0.570333 0.056500 0.071333
0 0.656250 0.511000 0.052500 0.074667
0 0.695875 0.567000 0.041250 0.073333
0 0.741625 0.548167 0.031750 0.068333
0 0.804750 0.564000 0.062500 0.069333
0 0.848375 0.561667 0.058250 0.071333
0 0.715375 0.646667 0.052750 0.056000
0 0.717125 0.690167 0.055750 0.051000
0 0.765125 0.692167 0.051750 0.043000
0 0.769750 0.646667 0.066000 0.056667
0 0.615125 0.703667 0.051750 0.048000
0 0.663750 0.703333 0.056500 0.047333
0 0.491375 0.712333 0.049250 0.049333
0 0.547250 0.712333 0.051000 0.049333
0 0.291750 0.706667 0.051000 0.109333
0 0.342000 0.704500 0.046500 0.112333
0 0.401750 0.701000 0.069000 0.099333
0 0.448125 0.689667 0.024250 0.092667
0 0.200875 0.714000 0.059250 0.120667
0 0.242875 0.709000 0.060250 0.124000
0 0.377250 0.857833 0.072500 0.068333
0 0.381000 0.811167 0.076500 0.072333
0 0.447625 0.808500 0.078750 0.067000
0 0.447625 0.862500 0.071250 0.054333
0 0.522875 0.793167 0.065250 0.055667
0 0.522500 0.839667 0.063000 0.043333
0 0.585125 0.835833 0.063750 0.041000
0 0.587375 0.790167 0.067250 0.057000
0 0.686000 0.813667 0.048000 0.057333
0 0.734125 0.811667 0.055250 0.062000
0 0.685000 0.766833 0.046000 0.040333
0 0.729000 0.763667 0.049000 0.042000
0 0.784750 0.784333 0.074000 0.086667
0 0.771000 0.895833 0.077500 0.084333
0 0.714750 0.912167 0.051500 0.056333
0 0.599875 0.939167 0.099750 0.069000
0 0.596250 0.896333 0.092500 0.035333
0 0.378500 0.923833 0.063500 0.051667
0 0.385875 0.963333 0.049250 0.033333
0 0.434000 0.958333 0.040500 0.038000
0 0.438250 0.921333 0.060500 0.050000
0 0.500625 0.914667 0.059250 0.036667
0 0.500250 0.949667 0.062500 0.045333
0 0.236500 0.797833 0.035500 0.021000
0 0.255250 0.838667 0.072500 0.102667
