0 0.079661 0.147814 0.088136 0.120749
0 0.076271 0.368494 0.101695 0.111034
0 0.169492 0.369535 0.106780 0.113116
0 0.269915 0.366412 0.129661 0.122137
0 0.391525 0.364330 0.127119 0.122137
0 0.505085 0.314018 0.088136 0.092297
0 0.588559 0.315059 0.095763 0.092991
0 0.672034 0.311589 0.083051 0.095767
0 0.741949 0.311589 0.087288 0.095767
0 0.823729 0.318876 0.088136 0.083969
0 0.897458 0.319917 0.088136 0.086051
0 0.965254 0.320958 0.069492 0.083969
0 0.890254 0.156142 0.095763 0.117974
0 0.787288 0.155101 0.098305 0.122831
0 0.697034 0.151978 0.102542 0.117974
0 0.605085 0.151978 0.098305 0.116586
0 0.541525 0.153713 0.069492 0.113116
0 0.493220 0.149896 0.101695 0.122137
0 0.066525 0.549618 0.100847 0.111034
0 0.152966 0.550312 0.100847 0.108258
0 0.244915 0.553782 0.100000 0.101319
0 0.323305 0.552741 0.100847 0.104788
0 0.410169 0.550659 0.096610 0.104788
0 0.505085 0.585357 0.083051 0.092297
0 0.577119 0.589521 0.088136 0.088133
0 0.658475 0.588480 0.088136 0.092991
0 0.726695 0.582235 0.080508 0.092991
0 0.927119 0.923664 0.145763 0.097155
0 0.938559 0.831367 0.077119 0.098543
0 0.706780 0.911173 0.098305 0.120749
0 0.790678 0.909438 0.106780 0.113116
0 0.594492 0.864330 0.129661 0.103400
0 0.500000 0.893824 0.127119 0.069396
0 0.219492 0.713393 0.106780 0.122137
0 0.113136 0.715475 0.126271 0.122137
0 0.795339 0.727967 0.088983 0.090215
0 0.868644 0.727967 0.084746 0.090215
0 0.942373 0.727967 0.083051 0.090215
0 0.319492 0.713393 0.110169 0.117974
0 0.413983 0.714434 0.114407 0.117280
0 0.501271 0.452811 0.087288 0.089521
0 0.578390 0.452811 0.083898 0.089521
0 0.652966 0.453158 0.083898 0.088827
0 0.727119 0.452464 0.077966 0.087439
0 0.802542 0.457321 0.079661 0.080500
0 0.873305 0.458362 0.083898 0.082582
0 0.947034 0.458362 0.082203 0.082582
0 0.790678 0.572519 0.057627 0.049965
0 0.787288 0.606176 0.054237 0.042332
0 0.840254 0.606870 0.058475 0.042332
0 0.842797 0.572519 0.060169 0.048577
0 0.892373 0.594379 0.055932 0.050659
0 0.905932 0.559681 0.055932 0.049271
0 0.950000 0.605829 0.062712 0.047189
0 0.388983 0.870923 0.142373 0.047189
0 0.078390 0.860514 0.151695 0.154060
