0 0.107391 0.172619 0.109127 0.061508
0 0.107267 0.223380 0.111359 0.045966
0 0.192212 0.206845 0.068452 0.079696
0 0.259549 0.165840 0.064732 0.049272
0 0.318328 0.163856 0.061756 0.059854
0 0.317212 0.220569 0.060516 0.052910
0 0.262649 0.218585 0.066468 0.052910
0 0.449157 0.214616 0.041667 0.074074
0 0.634673 0.218585 0.036706 0.068783
0 0.665799 0.220569 0.036458 0.065476
0 0.686384 0.222553 0.031498 0.064153
0 0.733383 0.214616 0.039187 0.076058
0 0.847470 0.231316 0.053571 0.059854
0 0.907118 0.227348 0.045883 0.073082
0 0.707961 0.310351 0.045883 0.059854
0 0.704985 0.369874 0.045883 0.059193
0 0.222594 0.503638 0.052827 0.060185
0 0.272321 0.468585 0.056548 0.047619
0 0.322049 0.459821 0.045883 0.047288
0 0.371900 0.458829 0.042907 0.050595
0 0.326017 0.505787 0.050843 0.053241
0 0.281126 0.508598 0.051835 0.046958
0 0.377852 0.506779 0.045883 0.053241
0 0.419767 0.504795 0.045883 0.053241
0 0.467634 0.499835 0.045883 0.053241
0 0.465650 0.455853 0.045883 0.045304
0 0.423735 0.453869 0.043899 0.045966
0 0.602431 0.158399 0.031746 0.081349
0 0.601935 0.224041 0.032738 0.060516
0 0.570809 0.164352 0.029018 0.075397
0 0.573289 0.226190 0.018601 0.055556
0 0.549231 0.214120 0.031994 0.080357
0 0.539931 0.154927 0.026290 0.057870
0 0.512649 0.154927 0.031250 0.090278
0 0.517361 0.217262 0.031746 0.072090
0 0.906746 0.434028 0.053075 0.084987
0 0.945188 0.432870 0.060516 0.083333
0 0.899306 0.534392 0.105159 0.091270
0 0.959077 0.531250 0.059028 0.085648
0 0.847346 0.636243 0.058284 0.080688
0 0.889757 0.633598 0.063244 0.077381
0 0.931796 0.631614 0.063492 0.075397
0 0.965898 0.629299 0.052827 0.071429
0 0.915551 0.727348 0.064236 0.092262
0 0.951265 0.722388 0.061756 0.089616
0 0.977059 0.720569 0.045387 0.085979
0 0.783606 0.642030 0.039435 0.056548
0 0.737475 0.755622 0.041419 0.074735
0 0.778894 0.751819 0.045883 0.073743
0 0.836682 0.755456 0.052331 0.065146
0 0.873016 0.752646 0.043155 0.060185
0 0.477183 0.756944 0.044643 0.033069
0 0.479167 0.796462 0.045635 0.045304
0 0.568452 0.791171 0.043651 0.046627
0 0.524554 0.792989 0.043651 0.046296
0 0.523686 0.770503 0.041419 0.005952
0 0.613715 0.787533 0.043899 0.045966
0 0.435640 0.798776 0.033978 0.052579
0 0.439856 0.754795 0.026042 0.036706
0 0.402654 0.786210 0.026538 0.043320
0 0.296379 0.814484 0.061012 0.056217
0 0.208581 0.707837 0.050099 0.054563
0 0.167163 0.719246 0.048115 0.036376
0 0.163938 0.679398 0.062500 0.053241
0 0.212426 0.666171 0.042411 0.028108
0 0.330357 0.698909 0.044643 0.049934
0 0.336806 0.652612 0.033730 0.022817
0 0.292907 0.658896 0.045139 0.028770
0 0.297495 0.683201 0.039931 0.041005
0 0.383557 0.658565 0.037450 0.042659
0 0.417039 0.656415 0.034474 0.041005
0 0.451265 0.653439 0.033978 0.040344
0 0.487227 0.668320 0.035466 0.059524
0 0.524678 0.671627 0.041915 0.072090
0 0.569196 0.643519 0.045635 0.033730
0 0.568328 0.674934 0.043899 0.034392
0 0.612103 0.679563 0.042659 0.045635
0 0.617063 0.643188 0.032242 0.034392
0 0.415799 0.599206 0.040427 0.044312
0 0.416791 0.575397 0.034970 0.003968
0 0.458829 0.597388 0.038194 0.047950
0 0.501612 0.596396 0.036954 0.045966
0 0.537946 0.595073 0.038690 0.043320
0 0.378720 0.589120 0.031746 0.075728
0 0.359127 0.591270 0.020833 0.066799
0 0.335193 0.592923 0.037450 0.072090
0 0.131820 0.603009 0.056796 0.068452
0 0.182664 0.601687 0.042411 0.071759
0 0.230903 0.602017 0.065972 0.069775
0 0.288814 0.579200 0.041915 0.062500
0 0.587178 0.500661 0.052331 0.041005
0 0.637525 0.497024 0.054315 0.046296
0 0.686012 0.496362 0.051091 0.044974
0 0.647321 0.523148 0.027778 0.007937
0 0.827133 0.372024 0.038690 0.053571
0 0.862847 0.371693 0.053075 0.052910
0 0.795883 0.493056 0.033234 0.054894
0 0.824281 0.493552 0.019097 0.053902
0 0.850198 0.492725 0.020337 0.047619
