0 0.084766 0.167708 0.086719 0.125000
0 0.151172 0.167708 0.083594 0.127083
0 0.220703 0.168750 0.082031 0.125000
0 0.289062 0.169792 0.078125 0.125000
0 0.349609 0.181250 0.055469 0.097917
0 0.395313 0.182292 0.053125 0.093750
0 0.441406 0.183333 0.050000 0.093750
0 0.485156 0.183854 0.053125 0.092708
0 0.539062 0.182292 0.050000 0.097917
0 0.585156 0.182292 0.048438 0.100000
0 0.630859 0.181250 0.050781 0.097917
0 0.676562 0.188542 0.060937 0.089583
0 0.727344 0.189062 0.060937 0.092708
0 0.811328 0.359896 0.050781 0.096875
0 0.765625 0.359896 0.048438 0.096875
0 0.722656 0.359896 0.053125 0.096875
0 0.670703 0.360938 0.047656 0.094792
0 0.628906 0.360417 0.046875 0.097917
0 0.583203 0.360417 0.050781 0.097917
0 0.537109 0.359896 0.047656 0.094792
0 0.493359 0.361458 0.044531 0.091667
0 0.436328 0.356250 0.072656 0.106250
0 0.375000 0.355208 0.067187 0.110417
0 0.309766 0.356250 0.072656 0.108333
0 0.243359 0.355208 0.074219 0.110417
0 0.177734 0.356250 0.075781 0.108333
0 0.112500 0.356250 0.078125 0.108333
0 0.135937 0.515104 0.081250 0.107292
0 0.201172 0.515104 0.072656 0.103125
0 0.262891 0.516146 0.071094 0.101042
0 0.341016 0.511458 0.072656 0.112500
0 0.403516 0.507812 0.072656 0.117708
0 0.460938 0.506250 0.062500 0.114583
0 0.523438 0.507812 0.067187 0.111458
0 0.583203 0.507812 0.064844 0.109375
0 0.642578 0.506771 0.064844 0.111458
0 0.699219 0.506771 0.065625 0.111458
0 0.752734 0.506771 0.064844 0.111458
0 0.823047 0.504167 0.067969 0.114583
0 0.884766 0.504167 0.075781 0.114583
0 0.931641 0.527083 0.050781 0.079167
0 0.970703 0.522396 0.053906 0.082292
0 0.957031 0.644271 0.054688 0.086458
0 0.905078 0.648438 0.058594 0.082292
0 0.862109 0.647917 0.046094 0.081250
0 0.826953 0.646354 0.050781 0.084375
0 0.783984 0.646354 0.047656 0.094792
0 0.744141 0.644271 0.050781 0.092708
0 0.683594 0.641146 0.050000 0.098958
0 0.645312 0.644271 0.057813 0.101042
0 0.588672 0.637500 0.050781 0.097917
0 0.544141 0.641146 0.050781 0.098958
0 0.491016 0.641146 0.064844 0.107292
0 0.433594 0.641146 0.065625 0.111458
0 0.378906 0.641667 0.067187 0.114583
0 0.314453 0.641667 0.072656 0.114583
0 0.260547 0.641667 0.066406 0.114583
0 0.195312 0.643229 0.068750 0.115625
0 0.133984 0.643229 0.072656 0.119792
0 0.326172 0.792708 0.069531 0.181250
0 0.385547 0.804167 0.066406 0.158333
0 0.442188 0.802083 0.064062 0.158333
0 0.501953 0.775000 0.058594 0.135417
0 0.564453 0.808333 0.067969 0.135417
0 0.622266 0.806250 0.067969 0.133333
0 0.673828 0.808333 0.064844 0.135417
0 0.729297 0.809896 0.072656 0.126042
0 0.783203 0.808333 0.064844 0.127083
0 0.832031 0.808333 0.073438 0.127083
0 0.847656 0.358854 0.031250 0.042708
0 0.869141 0.359375 0.039844 0.041667
0 0.903516 0.358854 0.042969 0.042708
0 0.936719 0.358333 0.040625 0.041667
0 0.953516 0.392188 0.032031 0.032292
0 0.927734 0.391667 0.036719 0.033333
0 0.897656 0.392188 0.040625 0.032292
0 0.864062 0.392188 0.032813 0.032292
0 0.843359 0.392188 0.022656 0.032292
0 0.148828 0.821875 0.074219 0.120833
0 0.207422 0.815104 0.071094 0.132292
0 0.266406 0.813542 0.068750 0.129167
0 0.148047 0.756771 0.072656 0.015625
0 0.869141 0.188021 0.050781 0.088542
0 0.913281 0.188542 0.045312 0.087500
0 0.964453 0.189062 0.067969 0.090625
0 0.869531 0.760938 0.092188 0.090625
0 0.950781 0.766146 0.090625 0.111458
