0 0.067626 0.111483 0.135251 0.045883
0 0.067460 0.066592 0.128307 0.051835
0 0.067626 0.155506 0.135251 0.044147
0 0.195437 0.157614 0.154762 0.042907
0 0.198082 0.116815 0.149471 0.055060
0 0.197090 0.067708 0.152778 0.064484
0 0.616567 0.068700 0.223876 0.062004
0 0.617063 0.116691 0.220899 0.054812
0 0.614253 0.155878 0.219246 0.043403
0 0.395999 0.157738 0.217923 0.040675
0 0.396164 0.118676 0.220899 0.052827
0 0.392857 0.070933 0.222222 0.058036
0 0.874835 0.063492 0.250331 0.052579
0 0.879960 0.117436 0.240079 0.062252
0 0.879960 0.153398 0.240079 0.044891
0 0.120040 0.252852 0.240079 0.052331
0 0.119213 0.298487 0.238426 0.047371
0 0.119213 0.341146 0.238426 0.047371
0 0.353505 0.252852 0.253307 0.050843
0 0.352679 0.296999 0.248347 0.048363
0 0.353505 0.341146 0.243386 0.047371
0 0.597884 0.247768 0.261905 0.055556
0 0.598380 0.294767 0.254960 0.053323
0 0.597057 0.340030 0.249669 0.047619
0 0.829696 0.336062 0.222884 0.051091
0 0.124835 0.426959 0.237765 0.048363
0 0.128638 0.466890 0.246032 0.044891
0 0.128638 0.505332 0.246032 0.048859
0 0.358796 0.425719 0.252646 0.050843
0 0.360780 0.467386 0.247354 0.044891
0 0.371362 0.504588 0.239418 0.047371
0 0.612930 0.423239 0.247685 0.050347
0 0.604332 0.464286 0.241071 0.045635
0 0.604332 0.503844 0.237765 0.043899
0 0.849868 0.422743 0.250661 0.049355
0 0.850694 0.461930 0.254299 0.045883
0 0.845073 0.501612 0.247685 0.045883
0 0.153439 0.661582 0.236772 0.043403
0 0.154266 0.623512 0.238426 0.045635
0 0.149636 0.578001 0.245040 0.063740
0 0.382110 0.578993 0.233796 0.055308
0 0.384755 0.620784 0.238426 0.047123
0 0.384921 0.658110 0.235450 0.043403
0 0.617229 0.655258 0.233796 0.047123
0 0.625827 0.616071 0.241733 0.046627
0 0.616402 0.573041 0.233466 0.051339
0 0.616402 0.551339 0.165344 0.018849
0 0.830026 0.562376 0.232143 0.043403
0 0.830026 0.610739 0.233466 0.061260
0 0.863757 0.655382 0.248016 0.046379
0 0.188988 0.723958 0.235780 0.049107
0 0.182705 0.764137 0.243717 0.057044
0 0.187335 0.794395 0.232474 0.054563
0 0.408730 0.723958 0.229497 0.054067
0 0.408896 0.762153 0.225198 0.040179
0 0.407077 0.793651 0.222222 0.043651
0 0.634755 0.716022 0.226521 0.041667
0 0.635747 0.756200 0.226521 0.053571
0 0.624173 0.790675 0.221892 0.047619
0 0.852017 0.790055 0.226521 0.043403
0 0.851025 0.755332 0.221892 0.044395
0 0.851025 0.717758 0.225198 0.047619
0 0.874504 0.963666 0.237103 0.042411
0 0.837136 0.933532 0.217262 0.061508
0 0.809854 0.850818 0.211640 0.030506
0 0.809854 0.878224 0.212963 0.039187
0 0.595403 0.851438 0.191468 0.029266
0 0.605324 0.892609 0.182870 0.042659
0 0.628142 0.936136 0.215939 0.054315
0 0.631779 0.970114 0.227844 0.038442
0 0.404597 0.973586 0.188823 0.038938
0 0.393684 0.940104 0.221892 0.059276
0 0.400794 0.896453 0.186508 0.043403
0 0.407242 0.852803 0.191468 0.029018
0 0.214782 0.855407 0.196759 0.030258
0 0.210152 0.899430 0.215939 0.054812
0 0.181878 0.938864 0.210317 0.052827
0 0.174603 0.975446 0.238757 0.039683
