0 0.170470 0.944568 0.114749 0.063244
0 0.271329 0.942832 0.110780 0.064732
0 0.376819 0.911582 0.095569 0.080605
0 0.471561 0.937872 0.098545 0.040427
0 0.549603 0.942708 0.055556 0.069444
0 0.598545 0.949653 0.053571 0.061508
0 0.651290 0.949653 0.053241 0.061508
0 0.227513 0.798239 0.104497 0.065228
0 0.160053 0.790427 0.104497 0.083333
0 0.245040 0.748388 0.085317 0.039931
0 0.327877 0.759177 0.087632 0.053571
0 0.326058 0.797247 0.091931 0.069692
0 0.400298 0.765005 0.073743 0.052331
0 0.400298 0.810888 0.073743 0.052331
0 0.474372 0.806052 0.073743 0.062996
0 0.476356 0.755332 0.070437 0.045387
0 0.553571 0.790427 0.091270 0.052579
0 0.625827 0.788566 0.061177 0.079117
0 0.567130 0.687004 0.083333 0.059524
0 0.645337 0.684896 0.068452 0.065228
0 0.721561 0.676091 0.077381 0.083333
0 0.789021 0.680184 0.068783 0.078125
0 0.849537 0.680184 0.073413 0.078125
0 0.910880 0.682912 0.073743 0.077629
0 0.970238 0.682912 0.059524 0.075645
0 0.861276 0.791295 0.108796 0.092014
0 0.774306 0.789435 0.081680 0.088294
0 0.709821 0.790427 0.081680 0.089782
0 0.847388 0.568824 0.081680 0.092014
0 0.778274 0.568824 0.081680 0.089534
0 0.718750 0.561012 0.064484 0.083333
0 0.663856 0.565724 0.049934 0.069444
0 0.588790 0.512029 0.111442 0.038442
0 0.371858 0.568700 0.067791 0.083333
0 0.309358 0.568700 0.072421 0.081845
0 0.248843 0.567708 0.072421 0.082837
0 0.185351 0.569816 0.072421 0.075645
0 0.117890 0.571677 0.073743 0.071925
0 0.253803 0.460441 0.114749 0.040427
0 0.255787 0.419271 0.115410 0.048859
0 0.257771 0.374504 0.115410 0.044643
0 0.146495 0.373388 0.113757 0.047371
0 0.140542 0.417287 0.122354 0.048859
0 0.140377 0.455481 0.124008 0.044395
0 0.371858 0.417411 0.108796 0.044643
0 0.374835 0.458457 0.111442 0.044395
0 0.486276 0.460317 0.116071 0.044643
0 0.485284 0.424231 0.115410 0.045883
0 0.486276 0.382192 0.111442 0.046131
0 0.604497 0.382192 0.113757 0.047123
0 0.604332 0.423239 0.112103 0.043899
0 0.600364 0.460441 0.111442 0.040427
0 0.676753 0.454489 0.070437 0.064732
0 0.674769 0.399802 0.064484 0.054563
0 0.763558 0.440848 0.111772 0.096478
0 0.885582 0.444692 0.122354 0.090278
0 0.970073 0.455481 0.059854 0.067212
0 0.780589 0.282614 0.098876 0.065228
0 0.672784 0.274802 0.070437 0.064980
0 0.613095 0.272817 0.055556 0.071925
0 0.566303 0.267981 0.064484 0.079117
0 0.501819 0.265997 0.065807 0.077133
0 0.441303 0.264013 0.064484 0.079117
0 0.373843 0.262029 0.065807 0.076141
0 0.304563 0.260045 0.070767 0.076141
0 0.238261 0.260045 0.070437 0.076141
0 0.168816 0.255332 0.070437 0.085069
0 0.109292 0.255332 0.065807 0.079117
0 0.143519 0.681052 0.098545 0.064980
0 0.220569 0.677083 0.073413 0.069444
0 0.289848 0.684896 0.077050 0.062748
0 0.357308 0.681052 0.073743 0.059028
0 0.355324 0.644841 0.070437 0.037202
0 0.427579 0.644841 0.065476 0.037202
0 0.493056 0.647817 0.068122 0.044147
0 0.495040 0.687872 0.068783 0.049851
0 0.430556 0.686880 0.068783 0.057292
0 0.554398 0.817832 0.088294 0.045387
0 0.896495 0.920263 0.083333 0.121280
0 0.957837 0.788442 0.084325 0.093750
0 0.988095 0.327505 0.023810 0.025050
0 0.976356 0.281870 0.047288 0.063244
0 0.897817 0.280630 0.098545 0.065228
0 0.969742 0.396577 0.060516 0.069444
0 0.473380 0.895957 0.094907 0.051835
0 0.968419 0.922619 0.061839 0.117560
0 0.952877 0.573661 0.078373 0.095734
0 0.442295 0.573909 0.061839 0.077381
0 0.507275 0.576265 0.055556 0.072669
0 0.719411 0.917039 0.083664 0.122272
0 0.800265 0.916543 0.089947 0.126240
0 0.588790 0.592510 0.108135 0.042659
0 0.586310 0.553695 0.105820 0.031994
