0 0.869544 0.580192 0.053241 0.030754
0 0.870370 0.548115 0.058862 0.034722
0 0.812665 0.548776 0.064484 0.036706
0 0.812169 0.581515 0.052910 0.032077
0 0.745866 0.583664 0.060516 0.033069
0 0.750000 0.549107 0.068783 0.037368
0 0.683201 0.550265 0.068122 0.039683
0 0.678571 0.585317 0.063492 0.033069
0 0.603505 0.584160 0.072090 0.045966
0 0.433366 0.577546 0.038690 0.067130
0 0.466104 0.577216 0.038029 0.063823
0 0.501984 0.575728 0.036376 0.064815
0 0.534557 0.575893 0.040675 0.061839
0 0.341104 0.571263 0.054563 0.088294
0 0.386739 0.571594 0.051257 0.083664
0 0.103009 0.583333 0.055886 0.080026
0 0.160880 0.581845 0.063161 0.082341
0 0.222884 0.577712 0.052249 0.085979
0 0.277778 0.577381 0.056217 0.083995
0 0.025794 0.725364 0.051587 0.137235
0 0.076224 0.728836 0.071098 0.140212
0 0.124504 0.715608 0.071098 0.130952
0 0.191138 0.707341 0.064815 0.118386
0 0.254960 0.709821 0.066138 0.123347
0 0.314153 0.711971 0.056217 0.097884
0 0.517196 0.688327 0.075397 0.106812
0 0.459491 0.690476 0.032738 0.111111
0 0.564815 0.687831 0.068783 0.095899
0 0.612103 0.683366 0.057540 0.092923
0 0.649140 0.681052 0.060185 0.088955
0 0.673942 0.683697 0.009259 0.075728
0 0.689649 0.683036 0.036045 0.074405
0 0.720403 0.681878 0.043981 0.072090
0 0.765542 0.680886 0.051587 0.064815
0 0.804398 0.677910 0.055886 0.060847
0 0.859127 0.666501 0.042328 0.071098
0 0.642030 0.461144 0.039352 0.059193
0 0.686343 0.461475 0.040675 0.059854
0 0.719742 0.459656 0.040675 0.056217
0 0.760747 0.461310 0.044643 0.059524
0 0.796627 0.462798 0.041005 0.061177
0 0.827216 0.463624 0.034061 0.060185
0 0.601190 0.458664 0.046958 0.065476
0 0.874173 0.479828 0.051918 0.030423
0 0.878803 0.446594 0.050595 0.036706
0 0.851687 0.496858 0.014881 0.013558
0 0.875000 0.496693 0.031085 0.013228
0 0.625661 0.346892 0.048942 0.049603
0 0.668155 0.352844 0.049272 0.049603
0 0.712632 0.356151 0.044974 0.045635
0 0.752315 0.361111 0.044974 0.046296
0 0.800761 0.365410 0.040013 0.042989
0 0.847884 0.370536 0.048280 0.044643
0 0.898148 0.365079 0.056878 0.063492
0 0.929398 0.288690 0.059193 0.042328
0 0.929067 0.253307 0.058532 0.042328
0 0.859127 0.267361 0.034392 0.055225
0 0.881614 0.273148 0.035053 0.054894
0 0.879960 0.244378 0.018519 0.007275
0 0.789848 0.238261 0.062500 0.043320
0 0.812169 0.273148 0.058862 0.037037
0 0.813657 0.287368 0.034722 0.012566
0 0.440146 0.202712 0.093254 0.072751
0 0.518353 0.215112 0.075066 0.073082
0 0.582176 0.224868 0.064484 0.067460
0 0.640046 0.230820 0.064484 0.065476
0 0.693122 0.241402 0.054894 0.066799
0 0.129464 0.148810 0.102183 0.093915
0 0.223380 0.164517 0.094246 0.084325
0 0.127149 0.271991 0.080357 0.107474
0 0.200231 0.283896 0.073082 0.094907
0 0.269676 0.293485 0.069775 0.092923
0 0.337963 0.302249 0.068783 0.088624
0 0.395007 0.308532 0.052579 0.080026
0 0.451720 0.316303 0.074735 0.085648
0 0.511409 0.321759 0.053902 0.074735
0 0.572090 0.329530 0.063492 0.077712
0 0.601190 0.346230 0.013889 0.049603
0 0.330192 0.430060 0.047288 0.069114
0 0.371693 0.432540 0.047619 0.067460
0 0.418981 0.430886 0.042989 0.072751
0 0.455522 0.431548 0.043320 0.072751
0 0.548776 0.434358 0.041997 0.074405
0 0.508267 0.432044 0.042989 0.074405
0 0.224537 0.430390 0.048942 0.061839
0 0.273975 0.432705 0.053241 0.060516
0 0.400794 0.857474 0.042989 0.091270
0 0.431217 0.850033 0.050265 0.106151
0 0.476025 0.847222 0.056548 0.100529
0 0.517196 0.841601 0.046296 0.089286
0 0.651455 0.810351 0.046958 0.063161
0 0.611938 0.812004 0.046627 0.066468
0 0.575066 0.813492 0.043651 0.064815
0 0.731316 0.786706 0.049272 0.083333
0 0.772817 0.784392 0.049603 0.079365
0 0.808862 0.778935 0.042328 0.068452
0 0.684358 0.925265 0.055886 0.077381
0 0.725364 0.918981 0.102844 0.072751
0 0.791171 0.912368 0.058532 0.060185
0 0.748181 0.889385 0.028770 0.013558
0 0.580853 0.943948 0.061839 0.105489
0 0.632771 0.937500 0.061177 0.093254
0 0.588128 0.538029 0.071759 0.044312
0 0.383102 0.044147 0.086971 0.081680
0 0.463128 0.063327 0.080357 0.071759
0 0.536872 0.080357 0.066468 0.064815
0 0.602017 0.095238 0.072421 0.065476
0 0.724702 0.136739 0.055225 0.039352
0 0.757771 0.129795 0.041997 0.057870
0 0.789683 0.137731 0.035714 0.058532
0 0.816964 0.145007 0.034061 0.057209
0 0.034226 0.306548 0.067130 0.147487
0 0.034392 0.556548 0.068783 0.144180
0 0.520007 0.951224 0.036706 0.090939
0 0.479828 0.955853 0.038360 0.088294
0 0.433366 0.957011 0.049934 0.085979
0 0.392030 0.962302 0.032738 0.075397
0 0.283399 0.035218 0.107143 0.070437
