0 0.124000 0.511250 0.082000 0.080500
0 0.203167 0.510250 0.093667 0.085000
0 0.280167 0.515125 0.101667 0.084250
0 0.361333 0.513125 0.096000 0.085250
0 0.446333 0.509250 0.098000 0.089500
0 0.372000 0.397875 0.122000 0.112250
0 0.602500 0.382375 0.079667 0.073250
0 0.671833 0.382375 0.077000 0.071250
0 0.736333 0.382375 0.074000 0.071250
0 0.788000 0.382375 0.058000 0.071250
0 0.921833 0.279750 0.095667 0.075500
0 0.542000 0.278750 0.082000 0.084500
0 0.474500 0.278750 0.081667 0.083000
0 0.390667 0.274875 0.112000 0.101250
0 0.290000 0.275875 0.112000 0.102250
0 0.193333 0.272875 0.106667 0.104250
0 0.101667 0.274875 0.116667 0.104250
0 0.111333 0.399875 0.118000 0.113750
0 0.203000 0.400875 0.115333 0.112250
0 0.297833 0.398000 0.100333 0.111000
0 0.541000 0.467250 0.076667 0.079500
0 0.611333 0.468250 0.084000 0.075500
0 0.688500 0.468250 0.085000 0.079500
0 0.759667 0.468250 0.084000 0.079500
0 0.842833 0.467250 0.089667 0.079500
0 0.897500 0.566875 0.092333 0.088750
0 0.732333 0.568750 0.088667 0.089500
0 0.652333 0.566875 0.090000 0.089250
0 0.557667 0.563875 0.093333 0.092250
0 0.649333 0.700000 0.124667 0.098000
0 0.558500 0.701625 0.101667 0.089250
0 0.451167 0.650875 0.112333 0.124750
0 0.347667 0.650875 0.106667 0.124750
0 0.228500 0.647875 0.112333 0.121750
0 0.151333 0.647875 0.112667 0.121750
0 0.378833 0.797375 0.089667 0.080750
0 0.449167 0.783625 0.099000 0.085250
0 0.558667 0.799375 0.082667 0.101750
0 0.621000 0.804250 0.082667 0.100500
0 0.890667 0.831500 0.112667 0.123500
0 0.769500 0.700750 0.117000 0.109500
0 0.920833 0.380250 0.085000 0.075500
0 0.541000 0.378375 0.070000 0.060250
0 0.848500 0.273875 0.081667 0.080250
0 0.784167 0.281750 0.087667 0.056000
0 0.863333 0.384250 0.108000 0.071000
0 0.919000 0.468250 0.089333 0.080500
0 0.813500 0.568875 0.091000 0.087750
0 0.863333 0.697750 0.122000 0.115000
0 0.221000 0.791875 0.109333 0.122750
0 0.131833 0.790750 0.101000 0.121000
0 0.699167 0.817500 0.051000 0.116500
0 0.739500 0.813250 0.069000 0.101500
0 0.799167 0.810000 0.069000 0.105500
0 0.815000 0.833375 0.070667 0.115750
0 0.466000 0.374625 0.041333 0.030250
0 0.454667 0.405250 0.043333 0.033500
0 0.452500 0.433375 0.041667 0.027750
0 0.719667 0.283625 0.064000 0.053250
