0 0.781167 0.282000 0.117667 0.092500
0 0.689500 0.284875 0.090333 0.089250
0 0.606500 0.284875 0.093667 0.089250
0 0.522333 0.395250 0.097333 0.099500
0 0.613167 0.391375 0.095667 0.090750
0 0.695167 0.391375 0.091000 0.085250
0 0.787167 0.393250 0.098333 0.089000
0 0.780333 0.509500 0.112667 0.107500
0 0.691333 0.518375 0.098667 0.094750
0 0.606333 0.518250 0.091333 0.099000
0 0.526333 0.518250 0.096000 0.099500
0 0.535167 0.680375 0.099667 0.115750
0 0.628833 0.685250 0.104333 0.099500
0 0.732333 0.676500 0.129333 0.108000
0 0.591667 0.879625 0.110667 0.115250
0 0.645500 0.813125 0.110333 0.130750
0 0.732333 0.838625 0.116000 0.121250
0 0.503833 0.879625 0.097667 0.123250
0 0.415000 0.841500 0.110667 0.123500
0 0.527333 0.284875 0.101333 0.089250
0 0.205167 0.844000 0.129000 0.141500
0 0.309333 0.869625 0.108000 0.118250
0 0.134333 0.328875 0.176000 0.160750
0 0.280000 0.336750 0.146667 0.144500
0 0.411500 0.347625 0.123667 0.127750
0 0.413333 0.437500 0.131333 0.013000
0 0.413167 0.442250 0.130333 0.013000
0 0.414667 0.502000 0.134000 0.140000
0 0.289333 0.502000 0.144667 0.142500
0 0.157667 0.506125 0.154667 0.141750
0 0.184000 0.671500 0.149333 0.167000
0 0.307000 0.685500 0.128667 0.124500
0 0.427833 0.636125 0.118333 0.027250
0 0.084333 0.113125 0.162000 0.163750
0 0.226333 0.126750 0.160667 0.142500
0 0.383500 0.121250 0.145667 0.159500
0 0.524833 0.145125 0.096333 0.110250
0 0.665667 0.146000 0.062000 0.037500
0 0.688000 0.179125 0.050000 0.038750
