0 0.232639 0.769015 0.057044 0.108135
0 0.504960 0.721230 0.070933 0.127646
0 0.631944 0.709491 0.070933 0.137235
0 0.802827 0.687004 0.070933 0.123347
0 0.864335 0.687169 0.064980 0.117725
0 0.926835 0.840278 0.062996 0.157407
0 0.866443 0.835483 0.059772 0.143188
0 0.810764 0.844246 0.064980 0.151455
0 0.457093 0.918485 0.064980 0.160384
0 0.394593 0.904762 0.064980 0.151455
0 0.917163 0.494709 0.061012 0.130952
0 0.831225 0.496528 0.054315 0.132606
0 0.790179 0.494709 0.054067 0.136243
0 0.737475 0.513228 0.068204 0.111772
0 0.673859 0.515046 0.062996 0.116071
0 0.615451 0.520007 0.060268 0.111442
0 0.559648 0.523810 0.060268 0.117725
0 0.501116 0.520007 0.062748 0.127315
0 0.444444 0.528935 0.062996 0.126653
0 0.376116 0.473214 0.048363 0.085317
0 0.327257 0.476190 0.049355 0.085317
0 0.232639 0.478009 0.052579 0.081019
0 0.183656 0.478009 0.047371 0.086310
0 0.133929 0.478175 0.051091 0.089947
0 0.083209 0.480159 0.054315 0.089947
0 0.133929 0.363922 0.060020 0.092262
0 0.077257 0.361772 0.054315 0.089947
0 0.200397 0.354167 0.062996 0.103175
0 0.259797 0.354167 0.058284 0.099206
0 0.327257 0.354993 0.055308 0.096230
0 0.383929 0.356978 0.054067 0.094907
0 0.439608 0.356978 0.054315 0.095569
0 0.494296 0.356978 0.053075 0.091601
0 0.550967 0.356978 0.051339 0.091601
0 0.594866 0.356812 0.041915 0.089947
0 0.641741 0.351190 0.054315 0.098545
0 0.709077 0.349206 0.065972 0.103175
0 0.783358 0.353009 0.055308 0.095569
0 0.845858 0.351025 0.065724 0.095569
0 0.913194 0.351025 0.060020 0.095569
0 0.949405 0.182209 0.062996 0.125000
0 0.878100 0.178241 0.062252 0.127646
0 0.737475 0.177249 0.070685 0.123016
0 0.665179 0.187996 0.062996 0.094907
0 0.615451 0.187996 0.045387 0.090939
0 0.556796 0.168485 0.070933 0.127315
0 0.498140 0.174438 0.051339 0.108135
0 0.444568 0.154927 0.076141 0.142526
0 0.367312 0.150959 0.079365 0.147156
0 0.292163 0.165509 0.064980 0.106812
0 0.226687 0.163525 0.065972 0.106812
0 0.161210 0.166501 0.059028 0.092262
0 0.093874 0.163525 0.070685 0.095569
0 0.096850 0.955192 0.085565 0.089616
0 0.193576 0.949570 0.091518 0.100860
0 0.282366 0.765212 0.046379 0.105820
0 0.381944 0.737930 0.054067 0.123347
0 0.914187 0.676257 0.070933 0.123016
0 0.728671 0.676257 0.065972 0.126323
0 0.675967 0.682209 0.051339 0.121032
0 0.586062 0.705522 0.080853 0.144511
0 0.440600 0.719411 0.074157 0.142526
0 0.329241 0.737765 0.060268 0.139550
0 0.179812 0.772983 0.057044 0.106151
0 0.522073 0.911706 0.073413 0.176587
0 0.590526 0.906250 0.070933 0.178241
0 0.063368 0.571594 0.046379 0.053902
0 0.110987 0.567460 0.042907 0.051587
0 0.068824 0.611607 0.043899 0.053241
0 0.063368 0.653604 0.044891 0.047288
0 0.107143 0.651786 0.037202 0.043651
0 0.108507 0.611607 0.041419 0.046627
0 0.155878 0.625000 0.057788 0.090608
0 0.213790 0.620370 0.053075 0.090608
0 0.264633 0.618221 0.052579 0.085648
0 0.312996 0.602513 0.065476 0.109788
0 0.375868 0.599537 0.061260 0.107804
