0 0.393047 0.968797 0.217091 0.062405
0 0.171975 0.972130 0.211253 0.055741
0 0.183121 0.913965 0.257962 0.084823
0 0.198779 0.854287 0.240446 0.052711
0 0.378981 0.853075 0.231423 0.055741
0 0.383758 0.906846 0.225053 0.084520
0 0.650212 0.916389 0.131635 0.154499
0 0.753715 0.911542 0.134820 0.149652
0 0.907378 0.905635 0.185244 0.074826
0 0.910032 0.958043 0.179936 0.063314
0 0.225849 0.070585 0.451699 0.064829
0 0.225053 0.136777 0.450106 0.073614
0 0.226115 0.191457 0.452229 0.060588
0 0.225849 0.249015 0.451699 0.073917
0 0.671178 0.257649 0.437898 0.058467
0 0.669321 0.201151 0.440552 0.065435
0 0.670117 0.144502 0.449575 0.071493
0 0.669321 0.084065 0.443737 0.074826
0 0.671178 0.387155 0.383758 0.091487
0 0.671178 0.459103 0.383758 0.070585
0 0.670117 0.520448 0.378450 0.064223
0 0.233811 0.485762 0.447452 0.132384
0 0.293790 0.385641 0.361465 0.055135
0 0.361996 0.740685 0.220807 0.081793
0 0.151539 0.752196 0.201168 0.058770
0 0.173301 0.696910 0.241507 0.075432
0 0.225849 0.648743 0.152335 0.034232
0 0.388800 0.648137 0.170382 0.037261
0 0.389331 0.666616 0.169321 0.051197
0 0.376592 0.700394 0.194798 0.048470
0 0.645435 0.738716 0.347134 0.074826
0 0.908439 0.646622 0.165074 0.048773
0 0.905520 0.672523 0.171975 0.049076
0 0.903928 0.697364 0.174098 0.050288
0 0.900478 0.722660 0.168259 0.051197
