0 0.147156 0.130828 0.122354 0.108383
0 0.205853 0.129712 0.065807 0.104167
0 0.289021 0.126736 0.067460 0.106151
0 0.370040 0.139509 0.053571 0.073165
0 0.429398 0.137525 0.077712 0.075149
0 0.501819 0.139509 0.061839 0.066716
0 0.559524 0.135665 0.056878 0.065476
0 0.619048 0.127728 0.074735 0.078869
0 0.690311 0.124876 0.077050 0.081597
0 0.763558 0.124876 0.067460 0.068700
0 0.829861 0.125868 0.069775 0.068700
0 0.903108 0.119048 0.083333 0.083333
0 0.968585 0.114087 0.060185 0.090278
0 0.923611 0.315352 0.100529 0.070188
0 0.825066 0.315352 0.100529 0.070685
0 0.723545 0.315352 0.097884 0.070685
0 0.623843 0.313368 0.094907 0.065228
0 0.539848 0.313368 0.083664 0.062252
0 0.451058 0.312376 0.086640 0.064236
0 0.362103 0.312376 0.083995 0.062252
0 0.284061 0.310392 0.079365 0.059772
0 0.165840 0.312376 0.122685 0.062252
0 0.363095 0.242063 0.081349 0.066468
0 0.539848 0.393477 0.055886 0.042411
0 0.599537 0.398313 0.056878 0.045139
0 0.511574 0.462798 0.057540 0.041171
0 0.571263 0.462798 0.060516 0.041171
0 0.665840 0.463666 0.071098 0.048363
0 0.727348 0.460813 0.051918 0.053075
0 0.809358 0.402158 0.070437 0.042411
0 0.873843 0.399306 0.061839 0.042659
0 0.811343 0.466642 0.081680 0.047867
0 0.870866 0.468626 0.051918 0.044395
0 0.697090 0.604415 0.063492 0.094742
0 0.608300 0.547743 0.111442 0.048363
0 0.607308 0.607267 0.112103 0.073661
0 0.497024 0.541791 0.100529 0.039435
0 0.495866 0.594494 0.116733 0.079861
0 0.395337 0.542907 0.111442 0.053075
0 0.395337 0.598586 0.089616 0.061756
0 0.336806 0.534970 0.083664 0.056548
0 0.308532 0.589782 0.085979 0.060020
0 0.234292 0.582961 0.069775 0.054315
0 0.159061 0.577009 0.095899 0.062252
0 0.771329 0.616319 0.051918 0.101190
0 0.824074 0.616939 0.070106 0.102431
0 0.961806 0.595486 0.075728 0.094246
0 0.956845 0.734871 0.086310 0.076389
0 0.962467 0.800967 0.075066 0.070685
0 0.918485 0.787946 0.014220 0.067460
0 0.783069 0.773686 0.091931 0.072173
0 0.795800 0.703497 0.093585 0.059276
0 0.869544 0.784846 0.093585 0.073165
0 0.604497 0.726190 0.083995 0.057540
0 0.684358 0.731027 0.083003 0.067212
0 0.192130 0.683408 0.099206 0.100942
0 0.274802 0.699529 0.109788 0.093006
0 0.397817 0.668527 0.098545 0.063740
0 0.495205 0.678447 0.106812 0.065228
0 0.380126 0.726687 0.105489 0.069940
0 0.479167 0.738591 0.109127 0.072421
0 0.286706 0.824901 0.087302 0.086806
0 0.214782 0.800099 0.062500 0.070437
0 0.456515 0.825025 0.173611 0.072173
0 0.651620 0.828621 0.200066 0.075397
0 0.648148 0.882192 0.207011 0.089782
0 0.685681 0.758557 0.079696 0.010169
0 0.936673 0.236111 0.108135 0.090774
0 0.216104 0.530754 0.089616 0.062996
