0 0.096230 0.890377 0.044147 0.093585
0 0.126488 0.897983 0.042163 0.096892
0 0.160714 0.901951 0.042163 0.102183
0 0.199777 0.903935 0.044891 0.096892
0 0.250496 0.892196 0.049107 0.084656
0 0.310144 0.898148 0.035466 0.082011
0 0.347222 0.903108 0.044147 0.079365
0 0.370536 0.902116 0.039683 0.079365
0 0.758309 0.955688 0.042907 0.084656
0 0.795387 0.957672 0.047123 0.084656
0 0.835441 0.959656 0.043403 0.078042
0 0.872644 0.961640 0.035466 0.076058
0 0.835441 0.855985 0.046875 0.088294
0 0.799231 0.853175 0.040427 0.084656
0 0.764137 0.853175 0.037698 0.088624
0 0.873636 0.855159 0.035466 0.084656
0 0.835565 0.743882 0.039683 0.096892
0 0.793527 0.737930 0.038442 0.101521
0 0.754340 0.737930 0.038442 0.112765
0 0.872520 0.741898 0.044147 0.099537
0 0.938988 0.755622 0.047123 0.113095
0 0.973214 0.750661 0.047123 0.104497
0 0.981275 0.964616 0.037450 0.070767
0 0.932044 0.961640 0.048611 0.076058
0 0.981399 0.593419 0.037202 0.101521
0 0.848214 0.583664 0.047123 0.082011
0 0.805184 0.587467 0.043899 0.088955
0 0.764137 0.584656 0.047123 0.097222
0 0.695809 0.581845 0.032490 0.055886
0 0.662574 0.582672 0.032490 0.056217
0 0.634301 0.581680 0.032490 0.054894
0 0.603051 0.581680 0.031498 0.050926
0 0.556176 0.574901 0.032490 0.055886
0 0.526910 0.573909 0.031498 0.055886
0 0.497520 0.573909 0.028770 0.054563
0 0.466394 0.573909 0.027530 0.054563
0 0.433160 0.573909 0.027530 0.052579
0 0.410590 0.573909 0.027530 0.054563
0 0.662574 0.680390 0.051339 0.104167
0 0.697793 0.680390 0.038442 0.096892
0 0.355903 0.702877 0.039683 0.072421
0 0.320809 0.697917 0.035466 0.065807
0 0.289559 0.695933 0.033482 0.063823
0 0.256324 0.693948 0.033978 0.065807
0 0.224082 0.682374 0.035466 0.072421
0 0.191840 0.682374 0.035466 0.072421
0 0.156746 0.679398 0.033234 0.077712
0 0.123512 0.678406 0.032738 0.073743
0 0.194940 0.775132 0.046131 0.066138
0 0.236855 0.774140 0.032738 0.066138
0 0.271081 0.782903 0.037698 0.063161
0 0.310020 0.789683 0.040179 0.060185
0 0.358879 0.789683 0.037698 0.060185
0 0.158606 0.372851 0.035466 0.045304
0 0.199777 0.371858 0.035466 0.043320
0 0.279886 0.373677 0.038442 0.041005
0 0.353051 0.373677 0.035466 0.041005
0 0.411582 0.373677 0.031498 0.078042
0 0.440972 0.373677 0.032738 0.078042
0 0.477059 0.374669 0.032490 0.079365
0 0.521081 0.383433 0.047123 0.061839
0 0.605903 0.372685 0.042163 0.084656
0 0.649926 0.368882 0.046875 0.088294
0 0.697793 0.368717 0.051835 0.090608
0 0.759301 0.373677 0.046875 0.048942
0 0.812004 0.372685 0.041171 0.050926
0 0.885417 0.372685 0.066964 0.048280
0 0.942460 0.371693 0.047123 0.048942
0 0.985739 0.368882 0.028522 0.048611
0 0.984375 0.250661 0.031250 0.074074
0 0.936012 0.253472 0.039683 0.073743
0 0.845238 0.256614 0.032738 0.068122
0 0.813988 0.257440 0.033234 0.070437
0 0.777902 0.257440 0.032490 0.070437
0 0.745660 0.257440 0.031498 0.070437
0 0.715278 0.257440 0.030754 0.073743
0 0.686136 0.257606 0.031498 0.075397
0 0.649926 0.259425 0.032490 0.077712
0 0.621652 0.259425 0.029514 0.077712
0 0.594246 0.260417 0.031746 0.077712
0 0.562996 0.264220 0.031746 0.073413
0 0.529886 0.266369 0.033482 0.071098
0 0.498636 0.270172 0.027530 0.067460
0 0.469246 0.268188 0.030754 0.068122
0 0.435144 0.268188 0.031498 0.068122
0 0.402902 0.270172 0.031498 0.067460
0 0.471230 0.144180 0.062996 0.114418
0 0.417535 0.142361 0.057788 0.116071
0 0.528770 0.158896 0.047123 0.073743
0 0.574653 0.152943 0.047123 0.084987
0 0.646081 0.145172 0.037698 0.093915
0 0.679191 0.144180 0.037450 0.095238
0 0.715278 0.143353 0.037202 0.096892
0 0.644097 0.479167 0.050595 0.072090
0 0.698661 0.477183 0.047123 0.070767
0 0.415551 0.477183 0.037946 0.066138
0 0.359871 0.497851 0.036210 0.058532
0 0.324653 0.497685 0.036210 0.050926
0 0.127356 0.368882 0.035466 0.043320
0 0.233011 0.372851 0.035466 0.043320
0 0.318824 0.373843 0.035466 0.043320
0 0.453621 0.477183 0.038690 0.066138
0 0.491691 0.477183 0.037450 0.066138
0 0.530754 0.477183 0.037698 0.066138
0 0.571801 0.477183 0.035466 0.067460
0 0.607887 0.477348 0.038690 0.070437
0 0.760045 0.472057 0.052331 0.061177
0 0.814608 0.474041 0.066716 0.066468
0 0.879340 0.476025 0.059276 0.065807
0 0.950521 0.471230 0.055308 0.054894
0 0.939112 0.869048 0.042907 0.085979
0 0.980159 0.863095 0.036706 0.082011
0 0.680556 0.804729 0.063988 0.087632
0 0.620164 0.801422 0.052331 0.074405
0 0.568204 0.805390 0.057540 0.065807
0 0.491319 0.799934 0.078869 0.076058
0 0.420759 0.798115 0.070188 0.069775
0 0.135541 0.770337 0.035466 0.066468
0 0.169147 0.778274 0.040179 0.074405
0 0.354787 0.619544 0.052827 0.037368
0 0.354415 0.582672 0.057044 0.041005
0 0.303447 0.583333 0.059276 0.044974
0 0.304812 0.617229 0.054067 0.029431
0 0.250124 0.611111 0.048859 0.035714
0 0.252604 0.574405 0.052827 0.036376
0 0.207837 0.576389 0.048115 0.035714
0 0.208457 0.608796 0.052827 0.031085
0 0.154762 0.571759 0.043651 0.031085
0 0.157490 0.606812 0.048115 0.035053
0 0.110615 0.569940 0.050595 0.034061
0 0.111235 0.603671 0.049851 0.033399
0 0.092634 0.368552 0.035466 0.051918
0 0.091146 0.257110 0.035962 0.061177
0 0.122396 0.260582 0.029018 0.068122
0 0.168031 0.272487 0.055308 0.036376
0 0.217510 0.275298 0.054563 0.037368
0 0.276538 0.271164 0.057540 0.031746
0 0.331721 0.267857 0.066220 0.036376
0 0.333209 0.231812 0.065724 0.039683
0 0.273065 0.231812 0.050595 0.035053
0 0.217510 0.231316 0.057044 0.032738
0 0.759673 0.138558 0.044643 0.099206
0 0.812500 0.135913 0.054067 0.104497
0 0.867808 0.140212 0.037202 0.122354
0 0.914931 0.125496 0.037698 0.124008
0 0.955605 0.129299 0.043651 0.122354
0 0.991319 0.127315 0.017361 0.126323
0 0.275422 0.506779 0.055804 0.033399
0 0.273562 0.467427 0.052083 0.036045
0 0.220982 0.465112 0.052083 0.036706
0 0.222470 0.502315 0.049107 0.027778
0 0.160714 0.500827 0.051587 0.032738
0 0.170883 0.460979 0.049107 0.037698
0 0.109747 0.498016 0.050347 0.044974
0 0.110615 0.461806 0.057044 0.033399
