0 0.130615 0.169922 0.067871 0.109375
0 0.194092 0.172852 0.063965 0.111328
0 0.257568 0.163086 0.074707 0.137370
0 0.330811 0.167969 0.072754 0.131510
0 0.403076 0.174805 0.072754 0.132161
0 0.477295 0.184570 0.069824 0.120443
0 0.548584 0.186523 0.072754 0.116536
0 0.614014 0.191406 0.067871 0.117188
0 0.672607 0.194336 0.063965 0.113932
0 0.726318 0.208008 0.050293 0.090495
0 0.766357 0.211914 0.042480 0.085286
0 0.810303 0.212891 0.047363 0.084635
0 0.981689 0.384766 0.036621 0.080729
0 0.942139 0.383789 0.051270 0.076172
0 0.895264 0.381836 0.051270 0.076172
0 0.850342 0.380859 0.047363 0.074219
0 0.808350 0.379883 0.045410 0.076172
0 0.764404 0.378906 0.044434 0.076823
0 0.720459 0.377930 0.045410 0.076172
0 0.678467 0.377930 0.047363 0.076172
0 0.637451 0.376953 0.047363 0.076823
0 0.593506 0.374023 0.047363 0.078776
0 0.541748 0.363281 0.058105 0.100260
0 0.485107 0.359375 0.058105 0.100260
0 0.427490 0.358398 0.060059 0.098307
0 0.368896 0.356445 0.057129 0.099609
0 0.303467 0.335938 0.069824 0.135417
0 0.239014 0.332031 0.085449 0.139323
0 0.161865 0.333008 0.078613 0.125651
0 0.087646 0.331055 0.078613 0.124349
0 0.113037 0.509766 0.069824 0.128906
0 0.188232 0.509766 0.072754 0.131510
0 0.258545 0.511719 0.069824 0.128906
0 0.327881 0.522461 0.069824 0.111328
0 0.394287 0.525391 0.069824 0.110677
0 0.462646 0.525391 0.067871 0.110677
0 0.528076 0.525391 0.069824 0.110677
0 0.599365 0.517578 0.069824 0.126302
0 0.657959 0.517578 0.062012 0.123698
0 0.718506 0.498047 0.055176 0.080729
0 0.771240 0.501953 0.054199 0.085938
0 0.822998 0.502930 0.054199 0.085286
0 0.870850 0.504883 0.047363 0.085286
0 0.916748 0.504883 0.051270 0.082682
0 0.965576 0.505859 0.050293 0.085938
0 0.965576 0.624023 0.047363 0.074870
0 0.921631 0.624023 0.045410 0.070964
0 0.879639 0.621094 0.045410 0.069010
0 0.837646 0.621094 0.047363 0.071615
0 0.789795 0.618164 0.045410 0.068359
0 0.749756 0.615234 0.038574 0.071615
0 0.715576 0.611328 0.055176 0.080729
0 0.637451 0.720703 0.062012 0.105469
0 0.573975 0.723633 0.060059 0.095703
0 0.520264 0.721680 0.059082 0.095703
0 0.459717 0.712891 0.066895 0.119792
0 0.399170 0.706055 0.062012 0.123047
0 0.329834 0.713867 0.069824 0.116536
0 0.266357 0.713867 0.069824 0.115234
0 0.195068 0.702148 0.069824 0.136068
0 0.128662 0.704102 0.080566 0.141276
0 0.096436 0.887695 0.067871 0.167318
0 0.164795 0.887695 0.079590 0.172526
0 0.239014 0.883789 0.068848 0.173828
0 0.308350 0.879883 0.072754 0.167318
0 0.375732 0.875000 0.068848 0.179688
0 0.442139 0.880859 0.068848 0.167969
0 0.626709 0.890625 0.073730 0.145833
0 0.688232 0.904297 0.070801 0.119792
0 0.749756 0.910156 0.068848 0.109375
0 0.793701 0.915039 0.062012 0.097005
0 0.866943 0.890625 0.064941 0.122396
0 0.914795 0.890625 0.064941 0.123698
0 0.909912 0.738281 0.055176 0.083333
0 0.867920 0.728516 0.042480 0.105469
0 0.817139 0.726562 0.069824 0.102865
0 0.697998 0.723633 0.055176 0.103516
0 0.957764 0.737305 0.051270 0.085286
0 0.747803 0.726562 0.062012 0.100260
0 0.964355 0.204753 0.040039 0.044922
0 0.960205 0.240560 0.030762 0.033203
0 0.983887 0.242188 0.032227 0.031250
0 0.987549 0.208008 0.024902 0.042318
