0 0.127841 0.120186 0.176136 0.115538
0 0.123295 0.242032 0.174621 0.121514
0 0.127462 0.335989 0.182955 0.110226
0 0.302841 0.163679 0.223864 0.140106
0 0.322917 0.111554 0.201136 0.111554
0 0.315341 0.271248 0.216288 0.100266
0 0.333902 0.337981 0.206439 0.131474
0 0.466667 0.298473 0.056818 0.214475
0 0.803598 0.142762 0.111742 0.114210
0 0.803598 0.232072 0.106439 0.094954
0 0.832955 0.352922 0.118939 0.113546
0 0.729545 0.273904 0.121212 0.121514
0 0.703220 0.228088 0.107955 0.109562
0 0.718371 0.366866 0.116288 0.084329
0 0.536553 0.280876 0.064773 0.262948
0 0.642424 0.792497 0.136364 0.114874
0 0.781818 0.787517 0.168939 0.114210
0 0.760795 0.876162 0.123864 0.079017
0 0.646591 0.878154 0.112879 0.077689
0 0.403977 0.519256 0.182197 0.106242
0 0.405114 0.596946 0.176894 0.078353
0 0.405114 0.649734 0.170076 0.051129
0 0.409280 0.732404 0.139773 0.120850
0 0.409848 0.821381 0.132576 0.084993
0 0.409659 0.891434 0.128409 0.077689
0 0.155492 0.796149 0.181439 0.119522
0 0.182008 0.725432 0.135227 0.029880
