0 0.145374 0.066176 0.079350 0.098856
0 0.218597 0.068219 0.077512 0.096405
0 0.300705 0.067198 0.070772 0.095180
0 0.369945 0.068219 0.069547 0.093137
0 0.446078 0.068219 0.069240 0.092320
0 0.516391 0.068219 0.066483 0.091503
0 0.570159 0.064134 0.045956 0.105392
0 0.613051 0.066176 0.040441 0.107026
0 0.662837 0.068219 0.049939 0.099673
0 0.704963 0.068219 0.050245 0.099673
0 0.829963 0.062296 0.049632 0.109886
0 0.873775 0.063317 0.049632 0.116830
0 0.947151 0.059232 0.094669 0.118464
0 0.940257 0.203840 0.053309 0.075980
0 0.882659 0.202002 0.077206 0.076389
0 0.507659 0.207925 0.076593 0.088235
0 0.445159 0.208742 0.057598 0.089052
0 0.374847 0.209763 0.063419 0.092729
0 0.305607 0.209763 0.068321 0.092729
0 0.228248 0.213848 0.077206 0.092729
0 0.160999 0.213644 0.077512 0.093954
0 0.172641 0.534926 0.058517 0.108252
0 0.223499 0.539828 0.051777 0.091912
0 0.270374 0.534926 0.053615 0.094363
0 0.322151 0.530025 0.051777 0.088644
0 0.368107 0.524306 0.048713 0.082108
0 0.419730 0.524306 0.046569 0.082108
0 0.466605 0.520221 0.045956 0.089461
0 0.516391 0.516544 0.053615 0.087827
0 0.564338 0.511642 0.045956 0.080474
0 0.682445 0.518382 0.107537 0.062908
0 0.867953 0.504698 0.100490 0.053513
0 0.910999 0.586806 0.053615 0.071487
0 0.867034 0.586601 0.053309 0.068627
0 0.910999 0.649101 0.056679 0.068627
0 0.807445 0.319240 0.062194 0.096814
0 0.864737 0.317402 0.062806 0.094771
0 0.917892 0.315564 0.060662 0.095997
0 0.645221 0.680964 0.046569 0.066176
0 0.641238 0.613562 0.038603 0.071078
0 0.678615 0.610703 0.044118 0.079248
0 0.681373 0.676266 0.030637 0.065768
0 0.726409 0.604371 0.049632 0.070670
0 0.727022 0.670139 0.051471 0.068219
0 0.770833 0.603350 0.044730 0.069444
0 0.772365 0.666258 0.037377 0.064542
0 0.811734 0.600082 0.030944 0.062908
0 0.811581 0.656863 0.041054 0.074346
0 0.358303 0.635212 0.074449 0.077614
0 0.431066 0.629698 0.067402 0.076389
0 0.366268 0.693423 0.067708 0.055147
0 0.432292 0.691789 0.066789 0.057598
0 0.517157 0.693832 0.061275 0.054330
0 0.517310 0.631332 0.069547 0.079657
0 0.584406 0.628268 0.066483 0.072712
0 0.583333 0.688725 0.064338 0.064542
0 0.195619 0.657067 0.084252 0.092729
0 0.201287 0.733047 0.078431 0.065768
0 0.275123 0.648693 0.084559 0.088235
0 0.277880 0.722222 0.075980 0.069444
0 0.224724 0.869690 0.088542 0.147876
0 0.307751 0.882557 0.085478 0.100082
0 0.387714 0.809641 0.083640 0.093137
0 0.390931 0.875613 0.081495 0.061683
0 0.465533 0.867034 0.073223 0.063317
0 0.464767 0.800245 0.075980 0.093954
0 0.547641 0.789011 0.076900 0.087827
0 0.559436 0.856005 0.054534 0.060866
0 0.614124 0.850286 0.054841 0.060866
0 0.623468 0.784314 0.077819 0.082516
0 0.693321 0.774510 0.062500 0.083333
0 0.692862 0.838031 0.062194 0.054330
0 0.751225 0.832925 0.056373 0.064542
0 0.751532 0.767770 0.067402 0.085376
0 0.805760 0.764093 0.052696 0.082925
0 0.805913 0.828840 0.051164 0.059641
0 0.899203 0.809845 0.063113 0.082925
0 0.891850 0.740605 0.047794 0.066176
0 0.752145 0.940155 0.058824 0.069036
0 0.817862 0.946283 0.078738 0.081291
0 0.897672 0.939747 0.071691 0.118056
0 0.592678 0.960376 0.128983 0.076797
