0 0.073500 0.194667 0.136000 0.188000
0 0.172000 0.193667 0.099000 0.180667
0 0.273500 0.199667 0.108000 0.154000
0 0.362500 0.199667 0.096000 0.152667
0 0.443500 0.202333 0.071000 0.140667
0 0.502250 0.203667 0.067500 0.138000
0 0.687750 0.202667 0.061500 0.121333
0 0.738500 0.201667 0.047000 0.118000
0 0.780500 0.203333 0.047000 0.105333
0 0.818500 0.202667 0.047000 0.104000
0 0.857750 0.209333 0.040500 0.081333
0 0.888000 0.209333 0.038000 0.080000
0 0.949500 0.209333 0.033000 0.077333
0 0.979750 0.212333 0.037500 0.079333
0 0.982750 0.373667 0.034500 0.074000
0 0.865500 0.394000 0.040000 0.078667
0 0.830250 0.398667 0.039500 0.081333
0 0.793250 0.404667 0.040500 0.088000
0 0.754000 0.409333 0.044000 0.093333
0 0.715000 0.417333 0.045000 0.084000
0 0.675250 0.421000 0.039500 0.088667
0 0.601750 0.426000 0.055500 0.106667
0 0.554000 0.432000 0.056000 0.114667
0 0.499250 0.439667 0.058500 0.118000
0 0.439750 0.448333 0.061500 0.124667
0 0.377250 0.457333 0.064500 0.125333
0 0.310000 0.465333 0.075000 0.130667
0 0.238500 0.476667 0.088000 0.136000
0 0.152500 0.489667 0.091000 0.148667
0 0.064750 0.502333 0.098500 0.156667
0 0.014750 0.514000 0.029500 0.154667
0 0.051250 0.718333 0.102500 0.231333
0 0.162250 0.712000 0.119500 0.172000
0 0.269750 0.675333 0.105500 0.180000
0 0.362500 0.653667 0.092000 0.179333
0 0.502250 0.608667 0.088500 0.149333
0 0.587250 0.594333 0.078500 0.147333
0 0.653500 0.583333 0.069000 0.129333
0 0.716000 0.559667 0.066000 0.140667
0 0.773750 0.548000 0.058500 0.130667
0 0.824500 0.535667 0.056000 0.124667
0 0.865500 0.527667 0.047000 0.103333
0 0.904750 0.520667 0.044500 0.104000
0 0.976750 0.500333 0.039500 0.094000
0 0.947500 0.373333 0.038000 0.080000
0 0.898750 0.380333 0.040500 0.079333
0 0.941750 0.497333 0.039500 0.104000
0 0.844750 0.750333 0.061500 0.135333
0 0.802000 0.765000 0.059000 0.124667
0 0.754250 0.778333 0.065500 0.151333
0 0.911750 0.714000 0.066500 0.102667
0 0.944000 0.702667 0.062000 0.094667
0 0.969500 0.693333 0.053000 0.090667
0 0.431750 0.934333 0.094500 0.118000
0 0.352000 0.950000 0.091000 0.100000
0 0.292250 0.958333 0.073500 0.083333
0 0.213750 0.939333 0.085500 0.121333
0 0.124000 0.977000 0.091000 0.046000
