0 0.039021 0.373512 0.077381 0.060020
0 0.040013 0.409598 0.080026 0.045387
0 0.040013 0.438988 0.080026 0.049107
0 0.040013 0.476066 0.080026 0.052331
0 0.173776 0.612847 0.131283 0.058532
0 0.171792 0.569816 0.136574 0.058780
0 0.171792 0.533730 0.131283 0.058036
0 0.167989 0.476066 0.130952 0.052331
0 0.162202 0.436012 0.143849 0.055556
0 0.159226 0.395089 0.149140 0.058532
0 0.252811 0.065848 0.181548 0.059276
0 0.259755 0.288566 0.153770 0.061756
0 0.280258 0.394965 0.143849 0.056300
0 0.283069 0.434028 0.138228 0.055556
0 0.283234 0.470114 0.131944 0.050347
0 0.293981 0.527778 0.123016 0.056052
0 0.299769 0.566964 0.131283 0.058532
0 0.300761 0.604043 0.123347 0.055308
0 0.562500 0.455481 0.144180 0.056300
0 0.560516 0.406746 0.153439 0.066468
0 0.675761 0.362723 0.163029 0.059276
0 0.671792 0.442956 0.143849 0.058036
0 0.751984 0.075645 0.171958 0.067956
0 0.596561 0.061012 0.173942 0.066468
0 0.585813 0.022941 0.146495 0.045387
0 0.432540 0.025918 0.153439 0.051339
0 0.421958 0.171379 0.153439 0.085813
0 0.421792 0.257316 0.163029 0.132192
0 0.413029 0.068824 0.173942 0.066220
0 0.265708 0.023065 0.161045 0.046131
0 0.265708 0.187996 0.163029 0.061508
0 0.265708 0.237847 0.163029 0.071429
0 0.120040 0.290551 0.162698 0.059276
0 0.120040 0.245660 0.162698 0.061756
0 0.117229 0.190848 0.161045 0.066220
0 0.076224 0.549231 0.151786 0.055804
0 0.076224 0.592262 0.152447 0.060516
0 0.076224 0.627480 0.152447 0.055556
0 0.423611 0.562500 0.089947 0.106151
0 0.581349 0.579737 0.205688 0.063244
0 0.583995 0.537574 0.210979 0.082093
0 0.129630 0.834945 0.112434 0.060764
0 0.129630 0.873512 0.112434 0.063988
0 0.126488 0.915923 0.106151 0.066468
0 0.129299 0.963046 0.111772 0.073909
0 0.129630 0.985491 0.112434 0.029018
0 0.124669 0.800595 0.102513 0.052083
0 0.336310 0.768973 0.219577 0.061260
0 0.354497 0.854167 0.249339 0.115079
0 0.366567 0.923983 0.252976 0.105407
0 0.384425 0.958953 0.276786 0.082093
0 0.632771 0.901290 0.253638 0.105655
0 0.624008 0.932044 0.251984 0.054067
0 0.569610 0.814980 0.209325 0.086806
0 0.559689 0.770461 0.208003 0.077629
0 0.554398 0.633433 0.221230 0.051587
0 0.554398 0.656498 0.221230 0.052083
0 0.555390 0.684276 0.218585 0.062004
0 0.147156 0.695685 0.120370 0.067460
0 0.152778 0.726314 0.116402 0.064732
0 0.087467 0.053075 0.159061 0.045635
0 0.087467 0.019469 0.157738 0.037450
0 0.331845 0.694568 0.219246 0.068204
0 0.753803 0.027406 0.172288 0.048363
