0 0.015000 0.218000 0.030000 0.085333
0 0.058750 0.211333 0.056500 0.101333
0 0.108750 0.212000 0.052500 0.098667
0 0.156500 0.210333 0.047000 0.100667
0 0.200500 0.208333 0.051000 0.106000
0 0.247500 0.212000 0.049000 0.098667
0 0.294250 0.210000 0.049500 0.104000
0 0.344000 0.209333 0.050000 0.109333
0 0.393750 0.214333 0.052500 0.096667
0 0.450500 0.224000 0.053000 0.081333
0 0.502250 0.226667 0.052500 0.077333
0 0.805000 0.232667 0.041000 0.060000
0 0.850000 0.223000 0.047000 0.080667
0 0.889000 0.226000 0.041000 0.077333
0 0.911500 0.331333 0.026000 0.058667
0 0.887000 0.331333 0.034000 0.062667
0 0.857750 0.330333 0.031500 0.063333
0 0.823500 0.333333 0.031000 0.056000
0 0.797000 0.336333 0.032000 0.054000
0 0.767750 0.336333 0.031500 0.054000
0 0.726750 0.335333 0.043500 0.054667
0 0.681000 0.333333 0.047000 0.057333
0 0.469000 0.344000 0.030000 0.062667
0 0.409500 0.345000 0.031000 0.063333
0 0.381250 0.344000 0.031500 0.062667
0 0.301250 0.352000 0.044500 0.072000
0 0.259000 0.345000 0.037000 0.091333
0 0.220000 0.345333 0.037000 0.088000
0 0.108500 0.344000 0.044000 0.093333
0 0.071750 0.344000 0.039500 0.093333
0 0.115500 0.473000 0.045000 0.092667
0 0.073500 0.474000 0.040000 0.088000
0 0.215250 0.466000 0.038500 0.093333
0 0.248500 0.467000 0.040000 0.088667
0 0.349750 0.445667 0.044500 0.055333
0 0.397750 0.443667 0.046500 0.060667
0 0.443750 0.443667 0.041500 0.055333
0 0.491500 0.443667 0.040000 0.058000
0 0.530750 0.440000 0.040500 0.054667
0 0.578250 0.438000 0.040500 0.049333
0 0.617250 0.434667 0.040500 0.046667
0 0.578250 0.480667 0.039500 0.050667
0 0.620500 0.482667 0.040000 0.050667
0 0.857750 0.425000 0.031500 0.055333
0 0.882250 0.426000 0.028500 0.054667
0 0.903750 0.426000 0.030500 0.050667
0 0.690750 0.512000 0.037500 0.065333
0 0.657500 0.518667 0.035000 0.054667
0 0.618500 0.587333 0.043000 0.073333
0 0.578250 0.591000 0.037500 0.063333
0 0.516750 0.591333 0.040500 0.065333
0 0.476750 0.587333 0.037500 0.072000
0 0.440750 0.587000 0.035500 0.070000
0 0.404500 0.589333 0.034000 0.065333
0 0.371250 0.587000 0.037500 0.070000
0 0.337250 0.587000 0.032500 0.070000
0 0.303000 0.584333 0.039000 0.084667
0 0.269750 0.585333 0.035500 0.086667
0 0.236750 0.587333 0.038500 0.088000
0 0.202250 0.587333 0.036500 0.093333
0 0.165250 0.587333 0.046500 0.093333
0 0.105750 0.693667 0.042500 0.079333
0 0.146750 0.693667 0.038500 0.078000
0 0.183750 0.693667 0.035500 0.074000
0 0.215250 0.693667 0.032500 0.070000
0 0.235500 0.688667 0.033000 0.077333
0 0.268750 0.686667 0.032500 0.077333
0 0.302000 0.684000 0.033000 0.077333
0 0.330250 0.682000 0.032500 0.076000
0 0.362500 0.682000 0.029000 0.070667
0 0.391750 0.681000 0.027500 0.072667
0 0.429000 0.678000 0.041000 0.077333
0 0.476750 0.677333 0.043500 0.081333
0 0.516750 0.675333 0.037500 0.080000
0 0.543250 0.677333 0.031500 0.077333
0 0.578250 0.679000 0.029500 0.067333
0 0.605750 0.679000 0.027500 0.063333
0 0.644000 0.681000 0.030000 0.066000
0 0.675000 0.681000 0.031000 0.063333
0 0.702250 0.684000 0.031500 0.062667
0 0.732750 0.684000 0.031500 0.060000
0 0.754250 0.681000 0.029500 0.059333
0 0.782500 0.684000 0.028000 0.060000
0 0.814250 0.685000 0.024500 0.058000
0 0.837250 0.683667 0.028500 0.058000
0 0.873250 0.763000 0.030500 0.054000
0 0.849750 0.762000 0.031500 0.054667
0 0.817750 0.764000 0.032500 0.054667
0 0.787250 0.762000 0.031500 0.060000
0 0.752250 0.757333 0.027500 0.061333
0 0.727750 0.763000 0.030500 0.059333
0 0.675000 0.763000 0.031000 0.059333
0 0.637000 0.764000 0.035000 0.057333
0 0.602750 0.767000 0.031500 0.054000
0 0.569500 0.768000 0.030000 0.061333
0 0.540250 0.768000 0.030500 0.062667
0 0.500250 0.767000 0.027500 0.066000
0 0.417250 0.770667 0.027500 0.061333
0 0.324500 0.787667 0.030000 0.070000
0 0.291250 0.789333 0.037500 0.070667
0 0.237750 0.793333 0.034500 0.072000
0 0.270750 0.787667 0.032500 0.070000
0 0.297250 0.867667 0.032500 0.076667
0 0.326500 0.867667 0.030000 0.070000
0 0.240500 0.885333 0.039000 0.093333
0 0.199250 0.882000 0.040500 0.086667
0 0.173000 0.877333 0.035000 0.086667
0 0.351000 0.491667 0.052000 0.039333
0 0.400250 0.492333 0.051500 0.038000
0 0.447000 0.490000 0.047000 0.038667
0 0.489500 0.489333 0.045000 0.045333
0 0.533000 0.486000 0.037000 0.045333
0 0.826500 0.614333 0.060000 0.034000
0 0.878000 0.612667 0.047000 0.036000
0 0.777250 0.617000 0.038500 0.028667
0 0.738000 0.614667 0.034000 0.033333
0 0.696750 0.612333 0.032500 0.038000
0 0.663250 0.614000 0.029500 0.041333
0 0.620000 0.686000 0.024000 0.068000
0 0.657000 0.868000 0.025000 0.070667
0 0.633250 0.874333 0.022500 0.078000
0 0.535250 0.889667 0.051500 0.063333
0 0.488000 0.893667 0.040000 0.055333
0 0.444000 0.889000 0.048000 0.076667
0 0.395250 0.882667 0.045500 0.084000
0 0.268750 0.872333 0.025500 0.070000
0 0.723250 0.865667 0.033500 0.088667
0 0.688500 0.867000 0.030000 0.087333
0 0.798500 0.869667 0.030000 0.076667
0 0.834750 0.865333 0.034500 0.069333
0 0.870000 0.874333 0.034000 0.078000
0 0.765750 0.868000 0.050500 0.094667
0 0.436000 0.345667 0.029000 0.063333
0 0.183500 0.474333 0.025000 0.091333
0 0.155000 0.474667 0.033000 0.082667
0 0.132000 0.597000 0.035000 0.090000
0 0.097750 0.599667 0.034500 0.078000
0 0.393500 0.780000 0.024000 0.049333
0 0.444250 0.763333 0.022500 0.054667
0 0.469000 0.771667 0.026000 0.060667
0 0.871000 0.670333 0.045000 0.031333
0 0.870000 0.698000 0.043000 0.026667
0 0.732750 0.498333 0.046500 0.035333
0 0.781250 0.498333 0.049500 0.034000
0 0.829750 0.497667 0.052500 0.038000
0 0.885000 0.492667 0.059000 0.034667
0 0.887500 0.525000 0.051000 0.034000
0 0.830750 0.527667 0.049500 0.028667
0 0.780750 0.529000 0.047500 0.027333
0 0.732500 0.529000 0.046000 0.027333
0 0.672250 0.415333 0.043500 0.032000
0 0.672250 0.443333 0.041500 0.024000
0 0.715000 0.411333 0.044000 0.034667
0 0.718250 0.441333 0.047500 0.028000
0 0.768000 0.442000 0.046000 0.025333
0 0.765000 0.412667 0.053000 0.036000
0 0.816750 0.411667 0.051500 0.034000
0 0.818250 0.440667 0.049500 0.026667
0 0.138750 0.898000 0.031500 0.068000
0 0.107000 0.898000 0.027000 0.076000
