0 0.357422 0.339583 0.052344 0.095833
0 0.402344 0.338542 0.053125 0.095833
0 0.449219 0.338542 0.056250 0.095833
0 0.497656 0.338542 0.054688 0.095833
0 0.546484 0.337500 0.052344 0.095833
0 0.596484 0.336458 0.055469 0.100000
0 0.646094 0.336458 0.056250 0.100000
0 0.696094 0.335938 0.056250 0.096875
0 0.742969 0.333854 0.054688 0.096875
0 0.791797 0.332813 0.057031 0.096875
0 0.842578 0.331771 0.063281 0.101042
0 0.897266 0.332813 0.064844 0.101042
0 0.890625 0.113542 0.082812 0.133333
0 0.827734 0.116667 0.074219 0.135417
0 0.764453 0.119792 0.072656 0.135417
0 0.698047 0.122917 0.074219 0.131250
0 0.636719 0.134375 0.059375 0.110417
0 0.585938 0.134375 0.057813 0.108333
0 0.346484 0.157292 0.049219 0.091667
0 0.301563 0.152083 0.062500 0.097917
0 0.238281 0.157812 0.068750 0.092708
0 0.187500 0.158854 0.054688 0.090625
0 0.194922 0.492188 0.067969 0.123958
0 0.250000 0.491667 0.065625 0.127083
0 0.310547 0.514062 0.052344 0.084375
0 0.352344 0.516146 0.051562 0.086458
0 0.392578 0.512500 0.052344 0.091667
0 0.437500 0.512500 0.045312 0.089583
0 0.471484 0.515104 0.049219 0.086458
0 0.519141 0.516146 0.049219 0.086458
0 0.564063 0.517188 0.050000 0.086458
0 0.608203 0.517188 0.049219 0.084375
0 0.652344 0.517188 0.050000 0.086458
0 0.688281 0.516146 0.045312 0.084375
0 0.725391 0.515104 0.047656 0.084375
0 0.766406 0.515104 0.048438 0.084375
0 0.804688 0.515104 0.045312 0.084375
0 0.862109 0.516146 0.063281 0.086458
0 0.735938 0.638542 0.062500 0.120833
0 0.798828 0.646875 0.074219 0.116667
0 0.860156 0.650000 0.071875 0.112500
0 0.679297 0.636458 0.060156 0.131250
0 0.633594 0.634896 0.051562 0.128125
0 0.587500 0.644792 0.059375 0.108333
0 0.532813 0.647396 0.062500 0.101042
0 0.481250 0.644271 0.054688 0.103125
0 0.429688 0.643229 0.062500 0.103125
0 0.373828 0.645312 0.058594 0.096875
0 0.326953 0.645312 0.057031 0.096875
0 0.283984 0.642188 0.049219 0.101042
0 0.242969 0.640625 0.054688 0.100000
0 0.192188 0.642188 0.059375 0.094792
0 0.149219 0.640625 0.048438 0.100000
0 0.108203 0.638542 0.063281 0.104167
0 0.052734 0.638542 0.069531 0.106250
0 0.126562 0.813542 0.065625 0.131250
0 0.186328 0.815104 0.069531 0.132292
0 0.243750 0.815625 0.068750 0.137500
0 0.312500 0.773958 0.084375 0.116667
0 0.366797 0.784896 0.060156 0.096875
0 0.408984 0.791667 0.069531 0.108333
0 0.460547 0.790625 0.052344 0.125000
0 0.503906 0.776042 0.059375 0.095833
0 0.552344 0.773958 0.057813 0.100000
0 0.608203 0.784896 0.066406 0.107292
0 0.722656 0.783333 0.084375 0.091667
0 0.778125 0.797396 0.070312 0.096875
0 0.835938 0.793750 0.084375 0.100000
0 0.668750 0.798958 0.075000 0.116667
0 0.196094 0.336979 0.037500 0.046875
0 0.224219 0.337500 0.039062 0.045833
0 0.253906 0.335938 0.040625 0.046875
0 0.295312 0.332813 0.039062 0.046875
0 0.320312 0.334375 0.028125 0.045833
0 0.322266 0.368750 0.024219 0.035417
0 0.296875 0.368750 0.035937 0.037500
0 0.258203 0.370312 0.038281 0.036458
0 0.229297 0.370833 0.038281 0.035417
0 0.198828 0.371354 0.041406 0.036458
0 0.148047 0.338542 0.058594 0.097917
0 0.103516 0.340104 0.055469 0.096875
0 0.057813 0.340625 0.057813 0.097917
0 0.023047 0.344792 0.041406 0.089583
0 0.025781 0.495312 0.051562 0.113542
0 0.071484 0.495312 0.072656 0.115625
0 0.129688 0.494271 0.075000 0.115625
0 0.026172 0.811458 0.052344 0.125000
0 0.072266 0.812500 0.075781 0.127083
0 0.101562 0.822396 0.017188 0.109375
