0 0.257407 0.654861 0.077778 0.077778
0 0.325926 0.744792 0.070370 0.071528
0 0.257407 0.537847 0.135185 0.049306
0 0.249537 0.576736 0.104630 0.035417
0 0.249537 0.461806 0.119444 0.044444
0 0.252778 0.425694 0.111111 0.045833
0 0.349074 0.425347 0.111111 0.046528
0 0.352778 0.461806 0.111111 0.037500
0 0.353241 0.323958 0.080556 0.072917
0 0.279167 0.323958 0.065741 0.072917
0 0.218519 0.325694 0.068519 0.076389
0 0.481944 0.323958 0.062037 0.067361
0 0.418519 0.323958 0.064815 0.068750
0 0.553241 0.326736 0.071296 0.049306
0 0.630556 0.327778 0.074074 0.050000
0 0.707407 0.556250 0.072222 0.054167
0 0.886111 0.680556 0.057407 0.066667
0 0.836574 0.680208 0.052778 0.061806
0 0.701852 0.656597 0.064815 0.061806
0 0.634259 0.654861 0.070370 0.063889
0 0.702778 0.619444 0.066667 0.051389
0 0.778704 0.657986 0.070370 0.061806
0 0.696759 0.744792 0.089815 0.079861
0 0.611574 0.746528 0.076852 0.077778
0 0.762963 0.748958 0.087037 0.070139
0 0.704630 0.829861 0.090741 0.056944
0 0.612963 0.836458 0.077778 0.061806
0 0.658796 0.885417 0.130556 0.066667
0 0.780093 0.856944 0.063889 0.100000
0 0.349074 0.648958 0.081481 0.086806
0 0.349537 0.563889 0.112037 0.054167
0 0.450926 0.561111 0.079630 0.056944
0 0.496296 0.553472 0.057407 0.066667
0 0.566204 0.557292 0.069444 0.059028
0 0.634259 0.557292 0.070370 0.054861
0 0.780093 0.556250 0.073148 0.054167
0 0.842593 0.553472 0.053704 0.072222
0 0.887037 0.553472 0.053704 0.077778
0 0.949074 0.550694 0.066667 0.088889
0 0.931944 0.428472 0.069444 0.072222
0 0.867593 0.429167 0.077778 0.070833
0 0.883333 0.333681 0.087037 0.061806
0 0.800926 0.323958 0.077778 0.049306
0 0.711574 0.323611 0.078704 0.054167
0 0.435648 0.853819 0.117593 0.071528
0 0.375463 0.854167 0.071296 0.072222
0 0.500000 0.851736 0.062963 0.067361
0 0.543519 0.669792 0.075926 0.045139
0 0.459259 0.670833 0.077778 0.045833
0 0.931481 0.676736 0.040741 0.052083
0 0.981944 0.675347 0.036111 0.047917
0 0.526852 0.419097 0.109259 0.049306
0 0.641204 0.417361 0.110185 0.045833
0 0.752778 0.414931 0.094444 0.043750
0 0.755093 0.452778 0.093519 0.037500
0 0.641204 0.456944 0.106481 0.036111
0 0.526389 0.460069 0.108333 0.036806
0 0.350463 0.229861 0.117593 0.038889
0 0.351389 0.187500 0.119444 0.048611
0 0.227778 0.189236 0.118519 0.050694
0 0.228704 0.230903 0.120370 0.038194
0 0.728241 0.183333 0.106481 0.047222
0 0.725926 0.223264 0.105556 0.035417
0 0.597685 0.180556 0.117593 0.052778
0 0.601852 0.222917 0.118519 0.041667
0 0.476389 0.184375 0.115741 0.050694
0 0.478241 0.226389 0.115741 0.037500
0 0.525000 0.739583 0.068519 0.062500
0 0.446759 0.740972 0.073148 0.062500
