0 0.158965 0.504006 0.179667 0.050962
0 0.158965 0.547756 0.173013 0.054487
0 0.272643 0.517788 0.127542 0.059295
0 0.272643 0.566506 0.175601 0.054808
0 0.285582 0.467628 0.149723 0.067949
0 0.393900 0.465224 0.157116 0.067628
0 0.425323 0.524038 0.153420 0.062179
0 0.428651 0.569071 0.160074 0.065064
0 0.048059 0.110256 0.095379 0.130769
0 0.126063 0.109455 0.102773 0.132372
0 0.450462 0.366026 0.117190 0.045513
0 0.455268 0.336218 0.105360 0.038462
0 0.455268 0.307532 0.106100 0.043910
0 0.461922 0.282532 0.092791 0.030449
0 0.322736 0.351603 0.158965 0.052564
0 0.318299 0.306731 0.152311 0.069231
0 0.179667 0.350481 0.156747 0.054808
0 0.159335 0.300962 0.158965 0.068590
0 0.057671 0.352244 0.110906 0.061538
0 0.051941 0.300000 0.098706 0.067949
0 0.053420 0.241987 0.101664 0.073077
0 0.161738 0.243750 0.157856 0.073397
0 0.682810 0.233333 0.132348 0.046795
0 0.682810 0.267308 0.132348 0.046795
0 0.681516 0.300962 0.126802 0.044231
0 0.681701 0.333494 0.125693 0.043910
0 0.681331 0.366346 0.124214 0.042949
0 0.800924 0.267628 0.129760 0.045513
0 0.799445 0.301763 0.127542 0.043910
0 0.798521 0.334936 0.126433 0.043590
0 0.797227 0.366667 0.127542 0.041026
0 0.572828 0.274199 0.092791 0.025962
0 0.578004 0.298878 0.103142 0.043910
0 0.577819 0.332212 0.102773 0.043269
0 0.577819 0.365705 0.104251 0.044231
0 0.199076 0.086058 0.084658 0.168269
0 0.264510 0.086859 0.083179 0.170513
0 0.330684 0.086859 0.083179 0.170513
0 0.400185 0.086859 0.083179 0.170513
0 0.469686 0.086538 0.083179 0.169231
0 0.553050 0.093750 0.052495 0.153526
0 0.611830 0.086058 0.079852 0.169551
0 0.843253 0.076282 0.115342 0.057051
0 0.834381 0.121474 0.104251 0.049359
0 0.834381 0.152404 0.095379 0.031731
0 0.930869 0.151282 0.110166 0.032051
0 0.933272 0.119231 0.112754 0.051923
0 0.931793 0.078526 0.109057 0.048077
0 0.665804 0.460737 0.218115 0.061218
0 0.891867 0.475962 0.216266 0.074359
0 0.656377 0.517147 0.263586 0.073397
0 0.662477 0.572596 0.240296 0.061218
0 0.883919 0.572115 0.232163 0.066667
0 0.883549 0.520833 0.232902 0.072436
0 0.636414 0.647276 0.231793 0.054808
0 0.634566 0.689583 0.225878 0.052885
0 0.632717 0.729006 0.224399 0.056731
0 0.854713 0.731250 0.235120 0.054808
0 0.856562 0.689904 0.238078 0.056090
0 0.860628 0.650962 0.246211 0.053205
0 0.654344 0.846154 0.216636 0.055769
0 0.861922 0.851122 0.219224 0.051603
0 0.648799 0.882212 0.181146 0.056090
0 0.861553 0.887340 0.223660 0.073397
0 0.128651 0.746474 0.235120 0.069872
0 0.152126 0.639904 0.238447 0.052244
0 0.379852 0.641346 0.222921 0.051282
0 0.372828 0.683494 0.225878 0.051603
0 0.355083 0.749199 0.246580 0.069551
0 0.179298 0.851442 0.239556 0.078526
0 0.180407 0.892788 0.239556 0.070833
0 0.185028 0.936538 0.242884 0.068590
0 0.413124 0.827885 0.186691 0.026282
0 0.412200 0.855288 0.187061 0.048397
0 0.411645 0.896474 0.188170 0.054487
0 0.396673 0.971314 0.219593 0.057372
0 0.150647 0.679808 0.231793 0.056410
0 0.132532 0.452885 0.154898 0.046795
