0 0.017361 0.409970 0.034722 0.052579
0 0.058532 0.410962 0.053571 0.049603
0 0.109127 0.408110 0.057540 0.050843
0 0.420800 0.469618 0.045966 0.039435
0 0.382606 0.468626 0.039683 0.039435
0 0.343585 0.468626 0.041667 0.041915
0 0.302579 0.468626 0.045635 0.042411
0 0.264550 0.468626 0.045635 0.045883
0 0.225364 0.468626 0.045966 0.045883
0 0.189319 0.468626 0.045966 0.042907
0 0.253638 0.619916 0.053571 0.054315
0 0.293816 0.617063 0.045966 0.054067
0 0.346396 0.617063 0.069775 0.054067
0 0.411872 0.615079 0.069775 0.060020
0 0.468585 0.611235 0.042989 0.061756
0 0.503803 0.610243 0.045966 0.061260
0 0.559524 0.607267 0.052910 0.060268
0 0.612103 0.610243 0.057540 0.060268
0 0.671627 0.607267 0.056878 0.060268
0 0.725364 0.607267 0.057209 0.060268
0 0.787864 0.609251 0.057209 0.054315
0 0.844577 0.607267 0.057540 0.053323
0 0.180721 0.291915 0.062500 0.041171
0 0.235615 0.291419 0.061839 0.043651
0 0.271329 0.330233 0.062500 0.049851
0 0.325893 0.329613 0.057209 0.046627
0 0.210317 0.333457 0.067460 0.046379
0 0.155919 0.334697 0.059193 0.045387
0 0.504464 0.322297 0.056548 0.050843
0 0.444940 0.326265 0.059854 0.045883
0 0.389220 0.327257 0.058862 0.045387
0 0.392361 0.281250 0.048611 0.049603
0 0.443287 0.277282 0.060516 0.056052
0 0.584656 0.269965 0.060847 0.055804
0 0.643519 0.270089 0.059524 0.054563
0 0.583995 0.320933 0.057540 0.047123
0 0.643519 0.320064 0.059524 0.047867
0 0.694610 0.313616 0.043320 0.055804
0 0.733962 0.312500 0.043320 0.056548
0 0.786045 0.312748 0.048280 0.054067
0 0.831515 0.311756 0.053241 0.052579
0 0.887401 0.303199 0.053902 0.067708
0 0.925595 0.301339 0.049603 0.069940
0 0.438492 0.394965 0.059524 0.044395
0 0.382606 0.396329 0.056217 0.045139
0 0.329200 0.397321 0.057209 0.045635
0 0.277282 0.398934 0.055886 0.042907
0 0.220734 0.399802 0.060516 0.042659
0 0.168155 0.400298 0.054563 0.041171
0 0.215774 0.523810 0.063161 0.034722
0 0.216435 0.555680 0.057209 0.031994
0 0.272156 0.555308 0.058201 0.032738
0 0.273479 0.522445 0.067460 0.033978
0 0.335317 0.554563 0.061508 0.034226
0 0.342923 0.521205 0.060847 0.033978
0 0.398148 0.515997 0.058201 0.025050
0 0.398313 0.549479 0.057870 0.044395
0 0.316964 0.696677 0.062500 0.044147
0 0.260582 0.702381 0.058201 0.033730
0 0.375331 0.704117 0.066799 0.028274
0 0.372685 0.673859 0.066799 0.033234
0 0.439484 0.675471 0.069444 0.037450
0 0.441799 0.705853 0.066799 0.024802
0 0.510417 0.706101 0.063823 0.027778
0 0.510417 0.674479 0.065146 0.037946
0 0.578373 0.674107 0.068783 0.036706
0 0.578373 0.704985 0.066799 0.027034
0 0.637235 0.676711 0.055556 0.042411
0 0.637731 0.702629 0.051918 0.025794
0 0.696098 0.697421 0.055556 0.040675
0 0.688657 0.665675 0.051918 0.023810
0 0.747024 0.666915 0.060185 0.027282
0 0.754299 0.697049 0.052249 0.034474
0 0.814319 0.683284 0.075728 0.061508
0 0.617560 0.760045 0.112103 0.038442
0 0.617560 0.788690 0.112103 0.023313
0 0.695933 0.773934 0.071098 0.049851
0 0.752149 0.782118 0.057870 0.036458
0 0.825893 0.766989 0.082341 0.064236
0 0.458499 0.554191 0.043320 0.028522
0 0.498843 0.554812 0.044643 0.027778
0 0.542493 0.553943 0.039352 0.029514
0 0.577381 0.553075 0.034392 0.029762
0 0.616237 0.542039 0.034061 0.041915
0 0.655093 0.549107 0.046958 0.032738
0 0.654431 0.517237 0.044974 0.033482
0 0.723876 0.545015 0.050926 0.040923
0 0.824735 0.543031 0.053571 0.042411
0 0.773479 0.544395 0.038360 0.043155
0 0.891700 0.383557 0.079696 0.043403
0 0.821925 0.385169 0.074405 0.043155
0 0.283730 0.764509 0.052910 0.068700
0 0.334656 0.766989 0.063492 0.064732
