0 0.080662 0.083993 0.084402 0.116974
0 0.151175 0.087071 0.084402 0.112577
0 0.221688 0.088391 0.084402 0.113456
0 0.290064 0.089270 0.080128 0.113456
0 0.358440 0.090150 0.080128 0.113456
0 0.428953 0.091029 0.080128 0.113456
0 0.495192 0.092348 0.077991 0.110818
0 0.561432 0.095427 0.077991 0.108179
0 0.629808 0.095427 0.077991 0.108179
0 0.698184 0.096306 0.073718 0.108179
0 0.760150 0.099384 0.080128 0.110818
0 0.830662 0.101143 0.077991 0.109059
0 0.899038 0.103342 0.077991 0.108179
0 0.963675 0.103342 0.072650 0.108179
0 0.254808 0.354881 0.122863 0.058927
0 0.134615 0.399736 0.134615 0.057168
0 0.130342 0.438874 0.117521 0.035180
0 0.241987 0.439754 0.114316 0.035180
0 0.240385 0.402814 0.121795 0.052770
0 0.165064 0.351363 0.122863 0.053650
0 0.612714 0.409411 0.107906 0.053650
0 0.612179 0.363237 0.106838 0.052770
0 0.707265 0.359719 0.100427 0.042216
0 0.721688 0.411609 0.118590 0.052770
0 0.869124 0.454266 0.184829 0.051891
0 0.863248 0.409850 0.170940 0.049252
0 0.690171 0.637643 0.181624 0.058047
0 0.686966 0.612577 0.179487 0.036060
0 0.684295 0.677661 0.180556 0.051891
0 0.859509 0.682938 0.176282 0.044855
0 0.857372 0.632366 0.182692 0.070361
0 0.418803 0.616095 0.111111 0.048373
0 0.525641 0.644239 0.104701 0.032542
0 0.528312 0.673703 0.112179 0.052770
0 0.418269 0.668426 0.114316 0.063325
0 0.135150 0.629727 0.208333 0.051011
0 0.134081 0.671504 0.201923 0.051891
0 0.568910 0.833333 0.195513 0.057168
0 0.568910 0.905453 0.204060 0.092348
0 0.568910 0.967898 0.204060 0.034301
0 0.779380 0.872032 0.167735 0.053650
0 0.782585 0.931838 0.180556 0.062445
0 0.200855 0.823219 0.164530 0.029903
0 0.181624 0.867634 0.166667 0.044855
0 0.383013 0.801671 0.154915 0.027265
0 0.379274 0.829815 0.170940 0.023747
0 0.368056 0.866755 0.169872 0.046614
0 0.348291 0.956464 0.188034 0.064204
