0 0.207986 0.163281 0.170139 0.146354
0 0.356944 0.154688 0.162500 0.161458
0 0.480208 0.151823 0.159028 0.167187
0 0.638542 0.153646 0.152083 0.160417
0 0.781944 0.151562 0.158333 0.159375
0 0.922569 0.145833 0.154861 0.161458
0 0.964583 0.385156 0.070833 0.105729
0 0.763542 0.381250 0.122917 0.111458
0 0.661111 0.376302 0.129167 0.119271
0 0.541667 0.379167 0.123611 0.115625
0 0.442014 0.379167 0.136806 0.114583
0 0.309375 0.374219 0.139583 0.121354
0 0.185417 0.374219 0.133333 0.121354
0 0.203819 0.527604 0.136806 0.142708
0 0.321875 0.527604 0.132639 0.142708
0 0.447917 0.528646 0.133333 0.143750
0 0.575000 0.541406 0.133333 0.124479
0 0.695139 0.542448 0.133333 0.130729
0 0.827083 0.549219 0.133333 0.121354
0 0.927778 0.551042 0.113889 0.117708
0 0.921528 0.737760 0.156944 0.140104
0 0.813194 0.742708 0.140278 0.118750
0 0.688194 0.738542 0.133333 0.119792
0 0.442361 0.724740 0.131944 0.130729
0 0.334722 0.715104 0.145833 0.139583
0 0.221181 0.715365 0.117361 0.135937
0 0.208681 0.878125 0.135417 0.158333
0 0.321875 0.878125 0.129861 0.158333
0 0.429514 0.886979 0.131250 0.167708
0 0.911111 0.914323 0.177778 0.171354
0 0.575000 0.731250 0.130556 0.119792
0 0.557639 0.923698 0.120833 0.118229
0 0.679861 0.932813 0.129167 0.116667
