0 0.143750 0.185938 0.134722 0.092188
0 0.493056 0.169922 0.127778 0.094531
0 0.612500 0.166406 0.122222 0.096875
0 0.754861 0.181641 0.168056 0.047656
0 0.929167 0.122266 0.141667 0.155469
0 0.840278 0.310547 0.125000 0.132031
0 0.485417 0.312500 0.137500 0.135937
0 0.113194 0.321484 0.168056 0.125781
0 0.752778 0.080078 0.172222 0.072656
0 0.841667 0.501172 0.097222 0.085156
0 0.702778 0.628125 0.100000 0.101562
0 0.517361 0.622266 0.095833 0.108594
0 0.425694 0.621094 0.101389 0.100000
0 0.338889 0.618359 0.091667 0.102344
0 0.254167 0.613281 0.100000 0.103125
0 0.170833 0.609375 0.097222 0.103125
0 0.211111 0.727734 0.130556 0.099219
0 0.311806 0.735547 0.129167 0.088281
0 0.508333 0.744531 0.116667 0.107813
0 0.615278 0.750000 0.113889 0.103125
0 0.718056 0.759766 0.125000 0.116406
0 0.840972 0.764844 0.137500 0.117188
0 0.609722 0.625000 0.102778 0.109375
0 0.254167 0.906641 0.083333 0.069531
0 0.295833 0.910547 0.083333 0.069531
0 0.370833 0.915234 0.086111 0.071094
0 0.445833 0.924219 0.083333 0.073438
0 0.544444 0.930859 0.083333 0.080469
0 0.614583 0.940625 0.090278 0.075000
0 0.699306 0.942578 0.095833 0.078906
0 0.781944 0.632031 0.075000 0.107813
0 0.900000 0.635938 0.125000 0.109375
0 0.720139 0.313672 0.112500 0.127344
0 0.612500 0.313672 0.113889 0.130469
0 0.351389 0.316797 0.147222 0.127344
0 0.235417 0.318359 0.129167 0.130469
0 0.109028 0.479687 0.081944 0.103125
0 0.219444 0.475781 0.108333 0.109375
0 0.307639 0.479687 0.115278 0.109375
0 0.408333 0.479687 0.116667 0.109375
0 0.509028 0.477734 0.112500 0.121094
0 0.609028 0.479687 0.112500 0.118750
0 0.713889 0.479687 0.113889 0.121875
0 0.919444 0.503125 0.094444 0.092188
0 0.750000 0.137109 0.172222 0.061719
0 0.796528 0.044141 0.159722 0.063281
0 0.370139 0.176953 0.123611 0.094531
0 0.261806 0.180859 0.123611 0.091406
0 0.050694 0.189844 0.101389 0.087500
0 0.285417 0.830078 0.084722 0.066406
0 0.363194 0.835547 0.081944 0.066406
0 0.422222 0.837891 0.050000 0.063281
0 0.234028 0.826953 0.045833 0.060156
0 0.572917 0.852734 0.084722 0.072656
0 0.652083 0.859766 0.087500 0.077344
0 0.733333 0.867188 0.088889 0.076563
0 0.786111 0.867578 0.033333 0.071094
