0 0.051562 0.171181 0.056250 0.125694
0 0.094792 0.164583 0.061458 0.138889
0 0.153125 0.160764 0.070833 0.142361
0 0.216667 0.159722 0.072917 0.134722
0 0.279948 0.155556 0.072396 0.134722
0 0.344531 0.153819 0.072396 0.135417
0 0.416927 0.150000 0.074479 0.144444
0 0.489063 0.142014 0.082292 0.146528
0 0.555729 0.152778 0.064583 0.119444
0 0.620833 0.148958 0.067708 0.121528
0 0.687240 0.146181 0.072396 0.122917
0 0.755729 0.144097 0.072917 0.122917
0 0.825000 0.139236 0.078125 0.125694
0 0.882552 0.148958 0.039062 0.099306
0 0.927604 0.146875 0.064583 0.103472
0 0.920833 0.343403 0.064583 0.097917
0 0.865104 0.344097 0.064583 0.093750
0 0.801562 0.335417 0.067708 0.105556
0 0.746875 0.336458 0.060417 0.104861
0 0.687240 0.337500 0.060937 0.105556
0 0.636719 0.337153 0.056771 0.100694
0 0.577865 0.337500 0.055729 0.097222
0 0.528125 0.338542 0.056250 0.097917
0 0.460677 0.340278 0.055729 0.097222
0 0.410938 0.341319 0.052083 0.097917
0 0.367969 0.339236 0.052604 0.089583
0 0.318229 0.340278 0.052083 0.093056
0 0.274219 0.340278 0.052604 0.093056
0 0.229427 0.332639 0.060937 0.105556
0 0.166667 0.337153 0.064583 0.103472
0 0.066146 0.484722 0.070833 0.134722
0 0.126042 0.485764 0.067708 0.134028
0 0.181510 0.499653 0.065104 0.120139
0 0.240104 0.499653 0.064583 0.120139
0 0.340625 0.506250 0.060417 0.108333
0 0.395313 0.504167 0.064583 0.113889
0 0.501823 0.504514 0.061979 0.122917
0 0.561458 0.504514 0.064583 0.128472
0 0.651302 0.480903 0.055729 0.100694
0 0.698958 0.484722 0.056250 0.093056
0 0.746875 0.486806 0.052083 0.091667
0 0.796615 0.485764 0.055729 0.092361
0 0.853385 0.489583 0.060937 0.094444
0 0.909115 0.485764 0.060937 0.097917
0 0.763542 0.598958 0.066667 0.118750
0 0.822135 0.607986 0.057813 0.122917
0 0.716667 0.732986 0.041667 0.110417
0 0.668750 0.721181 0.050000 0.114583
0 0.699219 0.600000 0.056771 0.097222
0 0.632552 0.593056 0.060937 0.105556
0 0.555469 0.699653 0.072396 0.138194
0 0.492188 0.695833 0.067708 0.129167
0 0.430469 0.687847 0.071354 0.128472
0 0.370052 0.687847 0.072396 0.129861
0 0.304688 0.687847 0.068750 0.125694
0 0.244792 0.682292 0.061458 0.125694
0 0.189323 0.677431 0.065104 0.122917
0 0.134635 0.671181 0.060937 0.120139
0 0.078125 0.667361 0.064583 0.118056
0 0.066146 0.822569 0.066667 0.149306
0 0.126042 0.824653 0.066667 0.146528
0 0.180469 0.830556 0.076563 0.158333
0 0.258594 0.848264 0.069271 0.138194
0 0.323958 0.852083 0.081250 0.151389
0 0.400260 0.853819 0.072396 0.170139
0 0.462760 0.864583 0.069271 0.170833
0 0.527083 0.903472 0.061458 0.129167
0 0.588542 0.865625 0.061458 0.142361
0 0.773177 0.837153 0.057813 0.074306
0 0.841667 0.841319 0.073958 0.065972
0 0.863021 0.936806 0.080208 0.126389
0 0.870313 0.599653 0.042708 0.054861
0 0.911458 0.602778 0.043750 0.054167
0 0.908594 0.639583 0.043229 0.045833
0 0.871094 0.637153 0.039062 0.047917
0 0.853125 0.731597 0.038542 0.056250
0 0.885677 0.728125 0.040104 0.057639
0 0.884375 0.769097 0.038542 0.050694
0 0.855729 0.771528 0.037500 0.047222
0 0.056250 0.334722 0.046875 0.101389
0 0.102083 0.333333 0.068750 0.104167
0 0.105469 0.278472 0.065104 0.009722
