0 0.317505 0.043205 0.210428 0.054988
0 0.316108 0.090338 0.205773 0.053417
0 0.317505 0.131972 0.202980 0.039277
0 0.109404 0.043991 0.205773 0.054988
0 0.106611 0.092694 0.200186 0.053417
0 0.110335 0.134328 0.207635 0.039277
0 0.525140 0.042419 0.193669 0.051846
0 0.523277 0.089159 0.189944 0.052632
0 0.522812 0.129615 0.189013 0.039277
0 0.686685 0.040848 0.136872 0.059701
0 0.696927 0.085625 0.123836 0.053417
0 0.697393 0.126866 0.122905 0.040063
0 0.808194 0.037706 0.122905 0.053417
0 0.809590 0.083661 0.118250 0.052632
0 0.808659 0.124116 0.114525 0.040848
0 0.925512 0.033778 0.119181 0.053417
0 0.926443 0.081304 0.119181 0.052632
0 0.925512 0.121760 0.117318 0.040848
0 0.581006 0.243126 0.202980 0.057345
0 0.580540 0.287903 0.200186 0.051060
0 0.579609 0.325609 0.198324 0.041634
0 0.757914 0.321681 0.124767 0.041634
0 0.741155 0.283582 0.147114 0.051846
0 0.741155 0.238806 0.135940 0.054988
0 0.861732 0.235271 0.129423 0.052632
0 0.877095 0.279262 0.124767 0.049489
0 0.874302 0.319324 0.126629 0.041634
0 0.379888 0.245483 0.197393 0.052632
0 0.385475 0.289866 0.193669 0.048704
0 0.382682 0.329929 0.197393 0.043991
0 0.208566 0.331500 0.132216 0.045562
0 0.209963 0.294580 0.131285 0.048704
0 0.209032 0.249411 0.135009 0.052632
0 0.089851 0.250982 0.125698 0.054203
0 0.089385 0.297329 0.122905 0.052632
0 0.089385 0.334250 0.124767 0.040063
0 0.155493 0.409662 0.236499 0.062058
0 0.155028 0.455224 0.228119 0.052632
0 0.121974 0.494894 0.158287 0.040848
0 0.440410 0.486646 0.119181 0.043205
0 0.431564 0.447761 0.131285 0.048704
0 0.387337 0.401807 0.225326 0.055774
0 0.633613 0.477612 0.179702 0.048704
0 0.634078 0.437156 0.180633 0.052632
0 0.636406 0.393559 0.183426 0.053417
0 0.831471 0.431265 0.216015 0.054988
0 0.835196 0.474077 0.210428 0.049489
0 0.842644 0.389238 0.212291 0.044776
0 0.833799 0.644933 0.224395 0.050275
0 0.833799 0.602907 0.229981 0.049489
0 0.833333 0.560487 0.229050 0.057345
0 0.833799 0.682247 0.229981 0.055774
0 0.638268 0.647683 0.189013 0.055774
0 0.639199 0.606049 0.189013 0.055774
0 0.639199 0.561273 0.192737 0.058916
0 0.638734 0.686960 0.189944 0.054203
0 0.877095 0.869992 0.238361 0.060487
0 0.879888 0.914375 0.240223 0.054988
0 0.878492 0.947761 0.243017 0.044776
0 0.655493 0.920267 0.214153 0.060487
0 0.655959 0.955617 0.215084 0.046347
0 0.655959 0.877062 0.218808 0.055774
0 0.657821 0.824038 0.228119 0.076984
0 0.876629 0.813433 0.243017 0.074627
0 0.620112 0.773370 0.221601 0.044776
0 0.139665 0.841712 0.227188 0.077769
0 0.155493 0.796151 0.217877 0.055774
0 0.137337 0.897093 0.224395 0.065986
0 0.137803 0.937549 0.225326 0.073056
0 0.139665 0.968185 0.229050 0.063629
0 0.371508 0.924980 0.240223 0.057345
0 0.379423 0.963079 0.239292 0.056559
0 0.379423 0.878633 0.237430 0.052632
0 0.380354 0.826394 0.239292 0.070699
0 0.379423 0.783582 0.220670 0.051060
0 0.101955 0.581697 0.120112 0.060487
0 0.195996 0.578947 0.077281 0.058130
0 0.101955 0.630008 0.120112 0.050275
0 0.205307 0.627258 0.090317 0.047918
0 0.229981 0.668107 0.122905 0.046347
0 0.106611 0.670071 0.127561 0.050275
0 0.106611 0.709348 0.123836 0.043991
0 0.228585 0.706206 0.123836 0.043991
