0 0.950346 0.114365 0.098755 0.180110
0 0.878562 0.127624 0.095159 0.159484
0 0.794606 0.134070 0.088243 0.151013
0 0.724896 0.140700 0.081604 0.142910
0 0.648686 0.146041 0.076349 0.144751
0 0.595297 0.155801 0.065284 0.138490
0 0.543015 0.159116 0.081881 0.136280
0 0.493914 0.158011 0.047856 0.140700
0 0.459059 0.159116 0.056708 0.144383
0 0.186445 0.202947 0.046473 0.089134
0 0.153250 0.203683 0.037068 0.089871
0 0.030014 0.330939 0.037898 0.104236
0 0.058368 0.330939 0.041494 0.107919
0 0.087690 0.338490 0.038728 0.100184
0 0.128077 0.344015 0.041494 0.097238
0 0.156293 0.344936 0.043707 0.093923
0 0.192254 0.346225 0.043707 0.096501
0 0.239004 0.346225 0.043707 0.100184
0 0.276210 0.344015 0.056708 0.100184
0 0.376349 0.349540 0.049516 0.111234
0 0.426556 0.352855 0.073029 0.113444
0 0.494053 0.354880 0.073029 0.118969
0 0.598479 0.339595 0.056708 0.103131
0 0.955740 0.346225 0.073029 0.128177
0 0.947165 0.547330 0.081881 0.128177
0 0.874136 0.537753 0.073029 0.118600
0 0.805533 0.526703 0.068603 0.118600
0 0.747856 0.519153 0.063347 0.110129
0 0.688935 0.512523 0.063347 0.110129
0 0.637759 0.506077 0.058921 0.105341
0 0.584371 0.500737 0.054495 0.105709
0 0.584371 0.627808 0.053389 0.096869
0 0.634440 0.644199 0.056708 0.097238
0 0.682434 0.655064 0.060858 0.110129
0 0.747718 0.670350 0.063624 0.113444
0 0.806501 0.686556 0.064454 0.113444
0 0.870816 0.700737 0.073029 0.121915
0 0.950346 0.718232 0.076072 0.121547
0 0.898064 0.881215 0.102628 0.180110
0 0.816459 0.857274 0.084924 0.162431
0 0.739004 0.832228 0.081604 0.162431
0 0.666113 0.806262 0.076349 0.156169
0 0.591978 0.778085 0.071923 0.155064
0 0.536515 0.773481 0.056708 0.129650
0 0.485201 0.751934 0.059751 0.124125
0 0.438451 0.735543 0.056432 0.121547
0 0.538589 0.941436 0.060858 0.117127
0 0.315353 0.878085 0.068603 0.190792
0 0.264039 0.854144 0.060581 0.180479
0 0.221715 0.832413 0.053942 0.172376
0 0.181328 0.814917 0.060028 0.159484
0 0.142047 0.812707 0.055602 0.137385
0 0.110512 0.787845 0.051729 0.149540
0 0.018257 0.593002 0.036515 0.100184
0 0.047303 0.602947 0.041494 0.102394
0 0.077870 0.609392 0.048409 0.110129
0 0.110650 0.622468 0.042047 0.118600
0 0.142185 0.627808 0.053112 0.124125
0 0.181466 0.647514 0.044260 0.118600
0 0.226003 0.656169 0.053112 0.124125
0 0.269571 0.673481 0.051729 0.131492
0 0.316459 0.687845 0.056432 0.132965
0 0.364454 0.700737 0.056708 0.144751
0 0.403596 0.698711 0.049793 0.139227
0 0.229322 0.508287 0.043707 0.090608
0 0.264177 0.515838 0.045920 0.095396
0 0.299032 0.519153 0.046473 0.095396
0 0.333887 0.524494 0.046473 0.092081
0 0.373167 0.525783 0.049239 0.093923
0 0.413278 0.537569 0.049239 0.110129
0 0.459059 0.548435 0.056708 0.119337
0 0.547303 0.354880 0.056708 0.124125
0 0.648686 0.338490 0.063071 0.109024
0 0.703043 0.339595 0.063347 0.109761
0 0.772891 0.342910 0.059751 0.115654
0 0.832780 0.341805 0.062241 0.121547
0 0.893776 0.341989 0.068603 0.125599
0 0.491840 0.928729 0.081328 0.142541
0 0.050346 0.204236 0.047026 0.096869
0 0.084371 0.202026 0.037621 0.099079
0 0.119917 0.196869 0.053389 0.106446
0 0.141909 0.206262 0.014385 0.081031
0 0.013001 0.466667 0.026003 0.087661
0 0.037068 0.471823 0.035961 0.089134
0 0.071923 0.473665 0.042600 0.100184
0 0.103320 0.478085 0.043983 0.101657
0 0.142877 0.485267 0.057815 0.107182
0 0.197234 0.505893 0.037068 0.091713
0 0.169433 0.500000 0.039004 0.085820
0 0.374550 0.909208 0.082434 0.169061
0 0.019087 0.748803 0.036515 0.107551
0 0.044952 0.762247 0.040111 0.113812
0 0.069571 0.776611 0.032918 0.114549
0 0.340802 0.133886 0.028769 0.044567
0 0.370263 0.130387 0.035685 0.043462
0 0.373167 0.173849 0.032642 0.038306
0 0.347165 0.177901 0.027663 0.035359
0 0.350069 0.213996 0.030705 0.028729
0 0.376763 0.213444 0.027663 0.040884
0 0.318396 0.177716 0.032642 0.040884
0 0.317704 0.218785 0.031259 0.036832
0 0.413278 0.178085 0.045367 0.105709
